PX409-USBH - 511533,
Units:,Pa A
Custom Scalar:,none
Custom Offset:,none
Start:,2023-03-10 04:29:25.569
End:,2023-03-10 04:37:28.921
Count:,4867
Low:,77.1464022899498
High:,101305.999700838

Time,Value
2023-03-10 04:29:25.569 下午,83.3843552879069
2023-03-10 04:29:25.668 下午,83.4370682337363
2023-03-10 04:29:25.767 下午,84.1047949832285
2023-03-10 04:29:25.867 下午,83.8587907232913
2023-03-10 04:29:25.966 下午,84.0345089529093
2023-03-10 04:29:26.065 下午,83.6479326323337
2023-03-10 04:29:26.165 下午,82.9274929370122
2023-03-10 04:29:26.264 下午,83.0329188286711
2023-03-10 04:29:26.363 下午,82.8044876532237
2023-03-10 04:29:26.463 下午,82.699055453925
2023-03-10 04:29:26.562 下午,82.769347791884
2023-03-10 04:29:26.661 下午,82.5057704474572
2023-03-10 04:29:26.761 下午,82.8923467680327
2023-03-10 04:29:26.860 下午,83.2789230886082
2023-03-10 04:29:26.959 下午,83.5600735175248
2023-03-10 04:29:27.059 下午,83.7533585239926
2023-03-10 04:29:27.158 下午,83.4722144027158
2023-03-10 04:29:27.257 下午,83.4897874872056
2023-03-10 04:29:27.357 下午,83.5600735175248
2023-03-10 04:29:27.456 下午,83.7357917471427
2023-03-10 04:29:27.555 下午,83.630359547844
2023-03-10 04:29:27.655 下午,83.2964961730979
2023-03-10 04:29:27.754 下午,83.5249273485453
2023-03-10 04:29:27.853 下午,83.4195014568864
2023-03-10 04:29:27.953 下午,83.3140692575877
2023-03-10 04:29:28.052 下午,83.4370682337363
2023-03-10 04:29:28.151 下午,83.1383510279698
2023-03-10 04:29:28.251 下午,82.8220607377135
2023-03-10 04:29:28.350 下午,83.1383510279698
2023-03-10 04:29:28.449 下午,82.8220607377135
2023-03-10 04:29:28.549 下午,82.9099198525224
2023-03-10 04:29:28.648 下午,83.3667822034171
2023-03-10 04:29:28.747 下午,83.542500433035
2023-03-10 04:29:28.847 下午,83.3492091189274
2023-03-10 04:29:28.946 下午,83.1734971969493
2023-03-10 04:29:29.045 下午,82.9099198525224
2023-03-10 04:29:29.145 下午,82.8220607377135
2023-03-10 04:29:29.244 下午,83.2613500041184
2023-03-10 04:29:29.343 下午,83.3316423420774
2023-03-10 04:29:29.443 下午,83.2437832272685
2023-03-10 04:29:29.542 下午,82.5233435319469
2023-03-10 04:29:29.641 下午,81.9961888430932
2023-03-10 04:29:29.741 下午,81.7677576676458
2023-03-10 04:29:29.840 下午,81.1000309181537
2023-03-10 04:29:29.939 下午,81.3636082625806
2023-03-10 04:29:30.039 下午,81.1878900329627
2023-03-10 04:29:30.138 下午,81.082457833664
2023-03-10 04:29:30.237 下午,81.3811813470703
2023-03-10 04:29:30.337 下午,81.4866072387292
2023-03-10 04:29:30.436 下午,82.2070469340508
2023-03-10 04:29:30.535 下午,83.12077794348
2023-03-10 04:29:30.635 下午,83.8060777774619
2023-03-10 04:29:30.734 下午,83.9817960070798
2023-03-10 04:29:30.833 下午,83.5952133788645
2023-03-10 04:29:30.933 下午,83.0153520518211
2023-03-10 04:29:31.032 下午,82.7342016229045
2023-03-10 04:29:31.131 下午,82.3300522178393
2023-03-10 04:29:31.231 下午,82.8044876532237
2023-03-10 04:29:31.330 下午,82.8396338222032
2023-03-10 04:29:31.429 下午,82.6287694236058
2023-03-10 04:29:31.529 下午,82.8923467680327
2023-03-10 04:29:31.628 下午,82.7166285384148
2023-03-10 04:29:31.727 下午,82.435484417138
2023-03-10 04:29:31.827 下午,82.1191941268817
2023-03-10 04:29:31.926 下午,82.1367609037316
2023-03-10 04:29:32.025 下午,81.838043697965
2023-03-10 04:29:32.124 下午,82.1894801572008
2023-03-10 04:29:32.224 下午,82.3300522178393
2023-03-10 04:29:32.323 下午,82.7517747073943
2023-03-10 04:29:32.422 下午,83.5776466020145
2023-03-10 04:29:32.522 下午,83.3843552879069
2023-03-10 04:29:32.621 下午,83.3667822034171
2023-03-10 04:29:32.720 下午,82.7517747073943
2023-03-10 04:29:32.820 下午,82.6639155925853
2023-03-10 04:29:32.919 下午,82.2949060488597
2023-03-10 04:29:33.018 下午,82.5936295622661
2023-03-10 04:29:33.118 下午,82.8044876532237
2023-03-10 04:29:33.217 下午,82.5936295622661
2023-03-10 04:29:33.316 下午,83.2262101427787
2023-03-10 04:29:33.416 下午,83.6654994091837
2023-03-10 04:29:33.515 下午,83.4546413182261
2023-03-10 04:29:33.614 下午,82.8747736835429
2023-03-10 04:29:33.714 下午,82.5936295622661
2023-03-10 04:29:33.813 下午,81.8204706134753
2023-03-10 04:29:33.912 下午,82.0664748734124
2023-03-10 04:29:34.012 下午,82.2949060488597
2023-03-10 04:29:34.111 下午,82.3124791333495
2023-03-10 04:29:34.210 下午,82.5584833932866
2023-03-10 04:29:34.310 下午,82.4003382481584
2023-03-10 04:29:34.409 下午,82.7166285384148
2023-03-10 04:29:34.508 下午,82.4881973629674
2023-03-10 04:29:34.608 下午,82.8396338222032
2023-03-10 04:29:34.707 下午,82.6111963391161
2023-03-10 04:29:34.806 下午,82.1894801572008
2023-03-10 04:29:34.906 下午,82.699055453925
2023-03-10 04:29:35.005 下午,82.8572005990532
2023-03-10 04:29:35.104 下午,82.6463425080956
2023-03-10 04:29:35.204 下午,82.6111963391161
2023-03-10 04:29:35.303 下午,82.435484417138
2023-03-10 04:29:35.402 下午,81.7677576676458
2023-03-10 04:29:35.502 下午,82.1894801572008
2023-03-10 04:29:35.601 下午,82.347625302329
2023-03-10 04:29:35.700 下午,81.8731898669445
2023-03-10 04:29:35.800 下午,82.1367609037316
2023-03-10 04:29:35.899 下午,81.9610426741137
2023-03-10 04:29:35.998 下午,82.1543339882214
2023-03-10 04:29:36.098 下午,82.2070469340508
2023-03-10 04:29:36.197 下午,81.7501845831561
2023-03-10 04:29:36.296 下午,81.4514673773895
2023-03-10 04:29:36.396 下午,81.0121718033448
2023-03-10 04:29:36.495 下午,81.3284620936011
2023-03-10 04:29:36.594 下午,81.7326114986663
2023-03-10 04:29:36.694 下午,82.5760564777764
2023-03-10 04:29:36.793 下午,83.12077794348
2023-03-10 04:29:36.892 下午,83.1910639737992
2023-03-10 04:29:36.992 下午,83.2613500041184
2023-03-10 04:29:37.091 下午,83.2262101427787
2023-03-10 04:29:37.190 下午,82.8044876532237
2023-03-10 04:29:37.290 下午,82.8220607377135
2023-03-10 04:29:37.389 下午,82.8572005990532
2023-03-10 04:29:37.488 下午,82.4706242784777
2023-03-10 04:29:37.588 下午,82.5936295622661
2023-03-10 04:29:37.687 下午,82.2421931030303
2023-03-10 04:29:37.786 下午,82.2421931030303
2023-03-10 04:29:37.886 下午,82.7166285384148
2023-03-10 04:29:37.985 下午,82.699055453925
2023-03-10 04:29:38.084 下午,83.0504919131608
2023-03-10 04:29:38.184 下午,82.9450597138621
2023-03-10 04:29:38.283 下午,82.7517747073943
2023-03-10 04:29:38.382 下午,82.8747736835429
2023-03-10 04:29:38.482 下午,82.8923467680327
2023-03-10 04:29:38.581 下午,82.5584833932866
2023-03-10 04:29:38.680 下午,81.9786157586034
2023-03-10 04:29:38.780 下午,81.8028975289855
2023-03-10 04:29:38.879 下午,81.3460351780908
2023-03-10 04:29:38.978 下午,81.7677576676458
2023-03-10 04:29:39.078 下午,82.2070469340508
2023-03-10 04:29:39.177 下午,82.3827651636687
2023-03-10 04:29:39.276 下午,82.8572005990532
2023-03-10 04:29:39.376 下午,82.699055453925
2023-03-10 04:29:39.475 下午,82.3827651636687
2023-03-10 04:29:39.574 下午,82.2421931030303
2023-03-10 04:29:39.674 下午,81.8556167824548
2023-03-10 04:29:39.773 下午,82.1191941268817
2023-03-10 04:29:39.872 下午,82.4003382481584
2023-03-10 04:29:39.972 下午,82.5233435319469
2023-03-10 04:29:40.071 下午,82.9450597138621
2023-03-10 04:29:40.170 下午,82.2421931030303
2023-03-10 04:29:40.270 下午,82.0840479579021
2023-03-10 04:29:40.369 下午,81.7677576676458
2023-03-10 04:29:40.468 下午,82.1543339882214
2023-03-10 04:29:40.568 下午,82.8572005990532
2023-03-10 04:29:40.667 下午,83.2613500041184
2023-03-10 04:29:40.766 下午,82.8923467680327
2023-03-10 04:29:40.866 下午,81.8556167824548
2023-03-10 04:29:40.965 下午,81.8204706134753
2023-03-10 04:29:41.064 下午,81.2054631174524
2023-03-10 04:29:41.164 下午,81.4514673773895
2023-03-10 04:29:41.263 下午,81.2581760632819
2023-03-10 04:29:41.362 下午,80.994598718855
2023-03-10 04:29:41.462 下午,81.4690404618793
2023-03-10 04:29:41.561 下午,81.4866072387292
2023-03-10 04:29:41.660 下午,81.8028975289855
2023-03-10 04:29:41.760 下午,81.9786157586034
2023-03-10 04:29:41.859 下午,81.5744663535382
2023-03-10 04:29:41.958 下午,81.7853307521356
2023-03-10 04:29:42.058 下午,81.9434758972637
2023-03-10 04:29:42.157 下午,81.6096125225177
2023-03-10 04:29:42.256 下午,82.2773392720098
2023-03-10 04:29:42.356 下午,82.5233435319469
2023-03-10 04:29:42.455 下午,82.5936295622661
2023-03-10 04:29:42.554 下午,83.1032048589903
2023-03-10 04:29:42.654 下午,82.5409103087969
2023-03-10 04:29:42.753 下午,81.9083297282842
2023-03-10 04:29:42.852 下午,82.0664748734124
2023-03-10 04:29:42.952 下午,82.1367609037316
2023-03-10 04:29:43.051 下午,81.6974716373266
2023-03-10 04:29:43.150 下午,81.7326114986663
2023-03-10 04:29:43.250 下午,81.5744663535382
2023-03-10 04:29:43.349 下午,81.4514673773895
2023-03-10 04:29:43.448 下午,81.7150447218164
2023-03-10 04:29:43.548 下午,82.2421931030303
2023-03-10 04:29:43.647 下午,82.1016210423919
2023-03-10 04:29:43.746 下午,81.7150447218164
2023-03-10 04:29:43.846 下午,81.7326114986663
2023-03-10 04:29:43.945 下午,81.3284620936011
2023-03-10 04:29:44.044 下午,81.6447523838574
2023-03-10 04:29:44.144 下午,81.1878900329627
2023-03-10 04:29:44.243 下午,81.2757491477716
2023-03-10 04:29:44.342 下午,81.4866072387292
2023-03-10 04:29:44.442 下午,81.3987481239203
2023-03-10 04:29:44.541 下午,81.8731898669445
2023-03-10 04:29:44.640 下午,81.6096125225177
2023-03-10 04:29:44.740 下午,81.7326114986663
2023-03-10 04:29:44.839 下午,82.0664748734124
2023-03-10 04:29:44.938 下午,82.2773392720098
2023-03-10 04:29:45.038 下午,82.6814886770751
2023-03-10 04:29:45.137 下午,82.0664748734124
2023-03-10 04:29:45.236 下午,82.0664748734124
2023-03-10 04:29:45.336 下午,82.1367609037316
2023-03-10 04:29:45.435 下午,82.0840479579021
2023-03-10 04:29:45.534 下午,83.2613500041184
2023-03-10 04:29:45.634 下午,82.9274929370122
2023-03-10 04:29:45.733 下午,82.769347791884
2023-03-10 04:29:45.832 下午,83.1734971969493
2023-03-10 04:29:45.932 下午,82.7342016229045
2023-03-10 04:29:46.031 下午,83.1032048589903
2023-03-10 04:29:46.130 下午,83.4370682337363
2023-03-10 04:29:46.230 下午,82.3827651636687
2023-03-10 04:29:46.329 下午,82.0313350120727
2023-03-10 04:29:46.428 下午,81.6447523838574
2023-03-10 04:29:46.528 下午,81.082457833664
2023-03-10 04:29:46.627 下午,81.8204706134753
2023-03-10 04:29:46.726 下午,81.925902812774
2023-03-10 04:29:46.826 下午,82.1719070727111
2023-03-10 04:29:46.925 下午,82.3300522178393
2023-03-10 04:29:47.024 下午,82.5409103087969
2023-03-10 04:29:47.124 下午,82.4179113326482
2023-03-10 04:29:47.223 下午,82.1543339882214
2023-03-10 04:29:47.322 下午,82.2421931030303
2023-03-10 04:29:47.422 下午,81.7677576676458
2023-03-10 04:29:47.521 下午,82.1894801572008
2023-03-10 04:29:47.620 下午,82.0840479579021
2023-03-10 04:29:47.720 下午,81.9786157586034
2023-03-10 04:29:47.819 下午,82.0489017889226
2023-03-10 04:29:47.918 下午,82.1016210423919
2023-03-10 04:29:48.018 下午,82.2949060488597
2023-03-10 04:29:48.117 下午,82.0664748734124
2023-03-10 04:29:48.216 下午,81.6974716373266
2023-03-10 04:29:48.316 下午,81.7150447218164
2023-03-10 04:29:48.415 下午,82.1719070727111
2023-03-10 04:29:48.514 下午,82.3300522178393
2023-03-10 04:29:48.614 下午,82.3124791333495
2023-03-10 04:29:48.713 下午,82.2597661875201
2023-03-10 04:29:48.812 下午,81.4338942928998
2023-03-10 04:29:48.912 下午,81.3636082625806
2023-03-10 04:29:49.011 下午,81.5744663535382
2023-03-10 04:29:49.110 下午,81.41632120841
2023-03-10 04:29:49.210 下午,81.4514673773895
2023-03-10 04:29:49.309 下午,81.7501845831561
2023-03-10 04:29:49.408 下午,82.2421931030303
2023-03-10 04:29:49.508 下午,82.2949060488597
2023-03-10 04:29:49.607 下午,82.6814886770751
2023-03-10 04:29:49.706 下午,82.8923467680327
2023-03-10 04:29:49.806 下午,82.1191941268817
2023-03-10 04:29:49.905 下午,81.5920394380279
2023-03-10 04:29:50.004 下午,81.838043697965
2023-03-10 04:29:50.104 下午,81.3987481239203
2023-03-10 04:29:50.203 下午,82.0489017889226
2023-03-10 04:29:50.302 下午,82.6111963391161
2023-03-10 04:29:50.402 下午,81.8731898669445
2023-03-10 04:29:50.501 下午,81.5744663535382
2023-03-10 04:29:50.600 下午,81.5393264921985
2023-03-10 04:29:50.700 下午,81.0297448878345
2023-03-10 04:29:50.799 下午,81.3284620936011
2023-03-10 04:29:50.898 下午,81.7677576676458
2023-03-10 04:29:50.998 下午,81.4690404618793
2023-03-10 04:29:51.097 下午,81.3987481239203
2023-03-10 04:29:51.196 下午,81.0297448878345
2023-03-10 04:29:51.296 下午,80.7310276820679
2023-03-10 04:29:51.395 下午,80.643168567259
2023-03-10 04:29:51.494 下午,80.7310276820679
2023-03-10 04:29:51.594 下午,80.7837406278974
2023-03-10 04:29:51.693 下午,80.9418857730256
2023-03-10 04:29:51.792 下午,81.1527438639832
2023-03-10 04:29:51.892 下午,81.4690404618793
2023-03-10 04:29:51.991 下午,81.9610426741137
2023-03-10 04:29:52.090 下午,81.9610426741137
2023-03-10 04:29:52.190 下午,81.7326114986663
2023-03-10 04:29:52.289 下午,81.7150447218164
2023-03-10 04:29:52.388 下午,81.6974716373266
2023-03-10 04:29:52.488 下午,82.347625302329
2023-03-10 04:29:52.587 下午,82.8220607377135
2023-03-10 04:29:52.686 下午,82.3651983868188
2023-03-10 04:29:52.786 下午,82.3651983868188
2023-03-10 04:29:52.885 下午,81.3811813470703
2023-03-10 04:29:52.984 下午,80.6783084285987
2023-03-10 04:29:53.084 下午,80.9770319420051
2023-03-10 04:29:53.183 下午,80.0808803247054
2023-03-10 04:29:53.282 下午,80.4147373918116
2023-03-10 04:29:53.382 下午,80.3093051925129
2023-03-10 04:29:53.481 下午,79.6591578351504
2023-03-10 04:29:53.580 下午,80.3795912228321
2023-03-10 04:29:53.680 下午,80.8891728271961
2023-03-10 04:29:53.779 下午,81.3811813470703
2023-03-10 04:29:53.878 下午,81.7326114986663
2023-03-10 04:29:53.978 下午,81.7150447218164
2023-03-10 04:29:54.077 下午,81.4338942928998
2023-03-10 04:29:54.176 下午,81.4866072387292
2023-03-10 04:29:54.276 下午,81.7501845831561
2023-03-10 04:29:54.375 下午,81.5393264921985
2023-03-10 04:29:54.474 下午,81.4690404618793
2023-03-10 04:29:54.574 下午,81.3636082625806
2023-03-10 04:29:54.673 下午,81.2933222322614
2023-03-10 04:29:54.772 下午,81.2581760632819
2023-03-10 04:29:54.872 下午,81.2757491477716
2023-03-10 04:29:54.971 下午,81.0473179723243
2023-03-10 04:29:55.070 下午,81.3284620936011
2023-03-10 04:29:55.170 下午,81.0473179723243
2023-03-10 04:29:55.269 下午,81.0473179723243
2023-03-10 04:29:55.368 下午,81.4866072387292
2023-03-10 04:29:55.468 下午,81.5393264921985
2023-03-10 04:29:55.567 下午,81.9786157586034
2023-03-10 04:29:55.666 下午,81.838043697965
2023-03-10 04:29:55.766 下午,81.5568932690484
2023-03-10 04:29:55.865 下午,81.0473179723243
2023-03-10 04:29:55.964 下午,80.6958815130885
2023-03-10 04:29:56.064 下午,80.1511663550246
2023-03-10 04:29:56.163 下午,79.9403019564272
2023-03-10 04:29:56.262 下午,80.3093051925129
2023-03-10 04:29:56.362 下午,80.2390254698335
2023-03-10 04:29:56.461 下午,80.4850234221308
2023-03-10 04:29:56.560 下午,80.5728825369398
2023-03-10 04:29:56.660 下午,79.9754481254067
2023-03-10 04:29:56.759 下午,80.3268782770027
2023-03-10 04:29:56.858 下午,81.0121718033448
2023-03-10 04:29:56.958 下午,81.2581760632819
2023-03-10 04:29:57.057 下午,81.925902812774
2023-03-10 04:29:57.156 下午,82.1894801572008
2023-03-10 04:29:57.256 下午,81.2581760632819
2023-03-10 04:29:57.355 下午,81.2757491477716
2023-03-10 04:29:57.454 下午,81.3284620936011
2023-03-10 04:29:57.554 下午,80.8891728271961
2023-03-10 04:29:57.653 下午,81.2406029787921
2023-03-10 04:29:57.752 下午,80.9770319420051
2023-03-10 04:29:57.852 下午,80.4850234221308
2023-03-10 04:29:57.951 下午,81.0297448878345
2023-03-10 04:29:58.050 下午,81.0297448878345
2023-03-10 04:29:58.150 下午,81.3284620936011
2023-03-10 04:29:58.249 下午,81.4338942928998
2023-03-10 04:29:58.348 下午,80.6783084285987
2023-03-10 04:29:58.448 下午,80.2917321080232
2023-03-10 04:29:58.547 下午,80.0105942943862
2023-03-10 04:29:58.646 下午,80.0633072402156
2023-03-10 04:29:58.746 下午,79.7645900344491
2023-03-10 04:29:58.845 下午,80.3093051925129
2023-03-10 04:29:58.944 下午,80.203879300854
2023-03-10 04:29:59.044 下午,79.9930212098964
2023-03-10 04:29:59.143 下午,80.7837406278974
2023-03-10 04:29:59.242 下午,80.8188867968769
2023-03-10 04:29:59.342 下午,81.2757491477716
2023-03-10 04:29:59.441 下午,81.7326114986663
2023-03-10 04:29:59.540 下午,81.504180323219
2023-03-10 04:29:59.640 下午,81.5217534077087
2023-03-10 04:29:59.739 下午,81.41632120841
2023-03-10 04:29:59.838 下午,81.082457833664
2023-03-10 04:29:59.938 下午,81.2757491477716
2023-03-10 04:30:00.037 下午,80.9770319420051
2023-03-10 04:30:00.136 下午,80.6080223982795
2023-03-10 04:30:00.236 下午,80.7485944589179
2023-03-10 04:30:00.335 下午,80.3971643073219
2023-03-10 04:30:00.434 下午,80.6783084285987
2023-03-10 04:30:00.534 下午,80.5728825369398
2023-03-10 04:30:00.633 下午,80.0633072402156
2023-03-10 04:30:00.732 下午,80.203879300854
2023-03-10 04:30:00.832 下午,80.1687394395143
2023-03-10 04:30:00.931 下午,80.6080223982795
2023-03-10 04:30:01.030 下午,80.8540266582166
2023-03-10 04:30:01.130 下午,81.5393264921985
2023-03-10 04:30:01.229 下午,81.6623254683471
2023-03-10 04:30:01.328 下午,81.5920394380279
2023-03-10 04:30:01.428 下午,81.8731898669445
2023-03-10 04:30:01.527 下午,80.6255954827692
2023-03-10 04:30:01.626 下午,80.3268782770027
2023-03-10 04:30:01.726 下午,80.1160201860451
2023-03-10 04:30:01.825 下午,79.5537256358517
2023-03-10 04:30:01.924 下午,80.3444450538526
2023-03-10 04:30:02.024 下午,80.5904493137897
2023-03-10 04:30:02.123 下午,81.0297448878345
2023-03-10 04:30:02.222 下午,81.41632120841
2023-03-10 04:30:02.322 下午,81.1703169484729
2023-03-10 04:30:02.421 下午,81.1878900329627
2023-03-10 04:30:02.520 下午,80.9418857730256
2023-03-10 04:30:02.620 下午,80.9243126885358
2023-03-10 04:30:02.719 下午,81.0121718033448
2023-03-10 04:30:02.818 下午,80.5201632834705
2023-03-10 04:30:02.918 下午,80.2741590235334
2023-03-10 04:30:03.017 下午,80.5201632834705
2023-03-10 04:30:03.116 下午,80.3971643073219
2023-03-10 04:30:03.216 下午,81.1000309181537
2023-03-10 04:30:03.315 下午,81.1351770871332
2023-03-10 04:30:03.414 下午,81.2757491477716
2023-03-10 04:30:03.514 下午,81.0473179723243
2023-03-10 04:30:03.613 下午,80.2390254698335
2023-03-10 04:30:03.712 下午,80.3444450538526
2023-03-10 04:30:03.812 下午,80.3795912228321
2023-03-10 04:30:03.911 下午,80.8715997427064
2023-03-10 04:30:04.010 下午,81.082457833664
2023-03-10 04:30:04.110 下午,80.9243126885358
2023-03-10 04:30:04.209 下午,80.5728825369398
2023-03-10 04:30:04.308 下午,80.3971643073219
2023-03-10 04:30:04.408 下午,80.1687394395143
2023-03-10 04:30:04.507 下午,80.3093051925129
2023-03-10 04:30:04.606 下午,80.0984471015553
2023-03-10 04:30:04.706 下午,80.3268782770027
2023-03-10 04:30:04.805 下午,80.9418857730256
2023-03-10 04:30:04.904 下午,80.5904493137897
2023-03-10 04:30:05.004 下午,80.994598718855
2023-03-10 04:30:05.103 下午,81.1351770871332
2023-03-10 04:30:05.202 下午,80.8891728271961
2023-03-10 04:30:05.302 下午,81.2933222322614
2023-03-10 04:30:05.401 下午,81.6271856070074
2023-03-10 04:30:05.500 下午,81.3636082625806
2023-03-10 04:30:05.600 下午,81.0297448878345
2023-03-10 04:30:05.699 下午,81.2054631174524
2023-03-10 04:30:05.798 下午,80.5201632834705
2023-03-10 04:30:05.898 下午,80.3971643073219
2023-03-10 04:30:05.997 下午,80.6958815130885
2023-03-10 04:30:06.096 下午,80.203879300854
2023-03-10 04:30:06.196 下午,80.2565922466835
2023-03-10 04:30:06.295 下午,80.1335932705348
2023-03-10 04:30:06.394 下午,80.3795912228321
2023-03-10 04:30:06.494 下午,80.2565922466835
2023-03-10 04:30:06.593 下午,80.5025901989808
2023-03-10 04:30:06.692 下午,80.7310276820679
2023-03-10 04:30:06.792 下午,80.4323041686616
2023-03-10 04:30:06.891 下午,80.4674503376411
2023-03-10 04:30:06.990 下午,80.5201632834705
2023-03-10 04:30:07.090 下午,80.2741590235334
2023-03-10 04:30:07.189 下午,80.2390254698335
2023-03-10 04:30:07.288 下午,80.55530945245
2023-03-10 04:30:07.388 下午,80.2565922466835
2023-03-10 04:30:07.487 下午,80.4147373918116
2023-03-10 04:30:07.586 下午,80.5728825369398
2023-03-10 04:30:07.686 下午,80.5904493137897
2023-03-10 04:30:07.785 下午,80.1335932705348
2023-03-10 04:30:07.884 下午,80.1160201860451
2023-03-10 04:30:07.984 下午,79.6064448893209
2023-03-10 04:30:08.083 下午,79.8348760647683
2023-03-10 04:30:08.182 下午,80.8540266582166
2023-03-10 04:30:08.282 下午,80.3795912228321
2023-03-10 04:30:08.381 下午,80.9770319420051
2023-03-10 04:30:08.480 下午,80.2390254698335
2023-03-10 04:30:08.580 下午,79.9227351795772
2023-03-10 04:30:08.679 下午,79.8875890105977
2023-03-10 04:30:08.778 下午,79.2022891766158
2023-03-10 04:30:08.878 下午,79.4658665210427
2023-03-10 04:30:08.977 下午,78.8157128560403
2023-03-10 04:30:09.076 下午,79.6064448893209
2023-03-10 04:30:09.176 下午,80.3795912228321
2023-03-10 04:30:09.275 下午,80.6607416517488
2023-03-10 04:30:09.374 下午,81.6447523838574
2023-03-10 04:30:09.474 下午,81.3636082625806
2023-03-10 04:30:09.573 下午,81.1527438639832
2023-03-10 04:30:09.672 下午,81.0473179723243
2023-03-10 04:30:09.772 下午,80.4850234221308
2023-03-10 04:30:09.871 下午,80.8364535737269
2023-03-10 04:30:09.970 下午,80.8540266582166
2023-03-10 04:30:10.070 下午,80.5904493137897
2023-03-10 04:30:10.169 下午,80.5904493137897
2023-03-10 04:30:10.268 下午,80.7310276820679
2023-03-10 04:30:10.368 下午,80.3795912228321
2023-03-10 04:30:10.467 下午,80.6255954827692
2023-03-10 04:30:10.566 下午,80.2214523853438
2023-03-10 04:30:10.666 下午,79.6591578351504
2023-03-10 04:30:10.765 下午,79.096863284957
2023-03-10 04:30:10.864 下午,79.1847223997659
2023-03-10 04:30:10.964 下午,79.6415847506606
2023-03-10 04:30:11.063 下午,79.448293436553
2023-03-10 04:30:11.162 下午,80.7310276820679
2023-03-10 04:30:11.262 下午,80.8188867968769
2023-03-10 04:30:11.361 下午,80.7134545975782
2023-03-10 04:30:11.460 下午,80.5025901989808
2023-03-10 04:30:11.560 下午,80.0808803247054
2023-03-10 04:30:11.659 下午,79.782156811299
2023-03-10 04:30:11.758 下午,79.5537256358517
2023-03-10 04:30:11.858 下午,80.1511663550246
2023-03-10 04:30:11.957 下午,80.2214523853438
2023-03-10 04:30:12.056 下午,80.2214523853438
2023-03-10 04:30:12.156 下午,80.2565922466835
2023-03-10 04:30:12.255 下午,80.3795912228321
2023-03-10 04:30:12.354 下午,79.9403019564272
2023-03-10 04:30:12.454 下午,79.7118707809798
2023-03-10 04:30:12.553 下午,79.5888718048312
2023-03-10 04:30:12.652 下午,79.1495762307864
2023-03-10 04:30:12.752 下午,79.0441440314877
2023-03-10 04:30:12.851 下午,79.4658665210427
2023-03-10 04:30:12.950 下午,79.6240116661709
2023-03-10 04:30:13.050 下午,79.1495762307864
2023-03-10 04:30:13.149 下午,79.5888718048312
2023-03-10 04:30:13.248 下午,79.782156811299
2023-03-10 04:30:13.348 下午,79.9403019564272
2023-03-10 04:30:13.447 下午,80.6607416517488
2023-03-10 04:30:13.546 下午,80.8364535737269
2023-03-10 04:30:13.646 下午,80.4498772531513
2023-03-10 04:30:13.745 下午,80.3620181383424
2023-03-10 04:30:13.844 下午,79.9578750409169
2023-03-10 04:30:13.944 下午,79.9754481254067
2023-03-10 04:30:14.043 下午,80.1863062163643
2023-03-10 04:30:14.142 下午,80.0281610712361
2023-03-10 04:30:14.242 下午,80.1335932705348
2023-03-10 04:30:14.341 下午,79.8875890105977
2023-03-10 04:30:14.440 下午,79.8524428416182
2023-03-10 04:30:14.540 下午,80.6607416517488
2023-03-10 04:30:14.639 下午,80.6958815130885
2023-03-10 04:30:14.738 下午,80.8364535737269
2023-03-10 04:30:14.838 下午,81.3987481239203
2023-03-10 04:30:14.937 下午,80.5201632834705
2023-03-10 04:30:15.036 下午,80.6958815130885
2023-03-10 04:30:15.136 下午,80.6255954827692
2023-03-10 04:30:15.235 下午,80.0808803247054
2023-03-10 04:30:15.334 下午,80.1335932705348
2023-03-10 04:30:15.434 下午,79.8348760647683
2023-03-10 04:30:15.533 下午,79.7470169499593
2023-03-10 04:30:15.632 下午,79.9578750409169
2023-03-10 04:30:15.732 下午,79.3604406293838
2023-03-10 04:30:15.831 下午,79.430726659703
2023-03-10 04:30:15.930 下午,79.870015926108
2023-03-10 04:30:16.030 下午,80.2214523853438
2023-03-10 04:30:16.129 下午,81.2230362019422
2023-03-10 04:30:16.228 下午,80.994598718855
2023-03-10 04:30:16.328 下午,80.4850234221308
2023-03-10 04:30:16.427 下午,79.6591578351504
2023-03-10 04:30:16.526 下午,79.9051620950875
2023-03-10 04:30:16.626 下午,80.0281610712361
2023-03-10 04:30:16.725 下午,79.7997298957888
2023-03-10 04:30:16.824 下午,79.7645900344491
2023-03-10 04:30:16.924 下午,79.2725815145749
2023-03-10 04:30:17.023 下午,79.2374353455954
2023-03-10 04:30:17.122 下午,78.9387181398288
2023-03-10 04:30:17.222 下午,79.2725815145749
2023-03-10 04:30:17.321 下午,79.2374353455954
2023-03-10 04:30:17.420 下午,79.430726659703
2023-03-10 04:30:17.519 下午,79.9051620950875
2023-03-10 04:30:17.619 下午,80.0633072402156
2023-03-10 04:30:17.718 下午,80.0457341557259
2023-03-10 04:30:17.817 下午,80.3268782770027
2023-03-10 04:30:17.917 下午,80.0105942943862
2023-03-10 04:30:18.016 下午,79.7470169499593
2023-03-10 04:30:18.115 下午,79.9403019564272
2023-03-10 04:30:18.215 下午,79.2901482914248
2023-03-10 04:30:18.314 下午,79.3780074062338
2023-03-10 04:30:18.413 下午,78.8157128560403
2023-03-10 04:30:18.513 下午,79.0265772546377
2023-03-10 04:30:18.612 下午,79.1320031462967
2023-03-10 04:30:18.711 下午,79.3955804907235
2023-03-10 04:30:18.811 下午,79.9227351795772
2023-03-10 04:30:18.910 下午,79.3428675448941
2023-03-10 04:30:19.009 下午,79.8173029802785
2023-03-10 04:30:19.109 下午,80.0281610712361
2023-03-10 04:30:19.208 下午,79.9930212098964
2023-03-10 04:30:19.307 下午,80.0457341557259
2023-03-10 04:30:19.407 下午,80.1511663550246
2023-03-10 04:30:19.506 下午,79.8524428416182
2023-03-10 04:30:19.605 下午,80.1160201860451
2023-03-10 04:30:19.705 下午,81.1703169484729
2023-03-10 04:30:19.804 下午,80.6783084285987
2023-03-10 04:30:19.903 下午,81.1703169484729
2023-03-10 04:30:20.003 下午,80.9594588575153
2023-03-10 04:30:20.102 下午,80.6783084285987
2023-03-10 04:30:20.201 下午,81.082457833664
2023-03-10 04:30:20.301 下午,80.9418857730256
2023-03-10 04:30:20.400 下午,81.0473179723243
2023-03-10 04:30:20.499 下午,80.3093051925129
2023-03-10 04:30:20.599 下午,79.9227351795772
2023-03-10 04:30:20.698 下午,79.8524428416182
2023-03-10 04:30:20.797 下午,79.8173029802785
2023-03-10 04:30:20.897 下午,80.1511663550246
2023-03-10 04:30:20.996 下午,80.203879300854
2023-03-10 04:30:21.095 下午,79.6064448893209
2023-03-10 04:30:21.195 下午,79.6064448893209
2023-03-10 04:30:21.294 下午,79.9754481254067
2023-03-10 04:30:21.393 下午,80.1687394395143
2023-03-10 04:30:21.493 下午,80.9418857730256
2023-03-10 04:30:21.592 下午,81.082457833664
2023-03-10 04:30:21.691 下午,79.9578750409169
2023-03-10 04:30:21.791 下午,79.9051620950875
2023-03-10 04:30:21.890 下午,79.7118707809798
2023-03-10 04:30:21.989 下午,79.7470169499593
2023-03-10 04:30:22.089 下午,80.6958815130885
2023-03-10 04:30:22.188 下午,80.7134545975782
2023-03-10 04:30:22.287 下午,80.9770319420051
2023-03-10 04:30:22.387 下午,81.1703169484729
2023-03-10 04:30:22.486 下午,81.1000309181537
2023-03-10 04:30:22.585 下午,81.1878900329627
2023-03-10 04:30:22.685 下午,81.1176040026435
2023-03-10 04:30:22.784 下午,80.2741590235334
2023-03-10 04:30:22.883 下午,80.2390254698335
2023-03-10 04:30:22.983 下午,80.2917321080232
2023-03-10 04:30:23.082 下午,80.2917321080232
2023-03-10 04:30:23.181 下午,80.9770319420051
2023-03-10 04:30:23.281 下午,80.9594588575153
2023-03-10 04:30:23.380 下午,80.8188867968769
2023-03-10 04:30:23.479 下午,80.55530945245
2023-03-10 04:30:23.579 下午,80.5201632834705
2023-03-10 04:30:23.678 下午,80.4147373918116
2023-03-10 04:30:23.777 下午,80.6255954827692
2023-03-10 04:30:23.877 下午,80.5904493137897
2023-03-10 04:30:23.976 下午,80.2917321080232
2023-03-10 04:30:24.075 下午,80.2565922466835
2023-03-10 04:30:24.175 下午,79.9227351795772
2023-03-10 04:30:24.274 下午,80.203879300854
2023-03-10 04:30:24.373 下午,80.0808803247054
2023-03-10 04:30:24.473 下午,79.870015926108
2023-03-10 04:30:24.572 下午,79.5888718048312
2023-03-10 04:30:24.671 下午,78.9738580011685
2023-03-10 04:30:24.771 下午,79.4834396055325
2023-03-10 04:30:24.870 下午,79.6767309196401
2023-03-10 04:30:24.969 下午,79.5888718048312
2023-03-10 04:30:25.069 下午,80.0984471015553
2023-03-10 04:30:25.168 下午,79.6942976964901
2023-03-10 04:30:25.267 下午,79.4131535752133
2023-03-10 04:30:25.367 下午,79.6064448893209
2023-03-10 04:30:25.466 下午,79.3604406293838
2023-03-10 04:30:25.565 下午,79.3780074062338
2023-03-10 04:30:25.665 下午,79.2198622611056
2023-03-10 04:30:25.764 下午,79.2022891766158
2023-03-10 04:30:25.863 下午,78.9387181398288
2023-03-10 04:30:25.963 下午,78.7278537412314
2023-03-10 04:30:26.062 下午,79.2374353455954
2023-03-10 04:30:26.161 下午,79.3780074062338
2023-03-10 04:30:26.261 下午,79.7645900344491
2023-03-10 04:30:26.360 下午,79.6240116661709
2023-03-10 04:30:26.459 下午,79.2901482914248
2023-03-10 04:30:26.559 下午,79.3955804907235
2023-03-10 04:30:26.658 下午,79.3252944604043
2023-03-10 04:30:26.757 下午,79.5537256358517
2023-03-10 04:30:26.857 下午,79.6240116661709
2023-03-10 04:30:26.956 下午,79.2022891766158
2023-03-10 04:30:27.055 下午,79.2901482914248
2023-03-10 04:30:27.155 下午,79.782156811299
2023-03-10 04:30:27.254 下午,79.9754481254067
2023-03-10 04:30:27.353 下午,80.1863062163643
2023-03-10 04:30:27.453 下午,80.4498772531513
2023-03-10 04:30:27.552 下午,80.0984471015553
2023-03-10 04:30:27.651 下午,80.1335932705348
2023-03-10 04:30:27.751 下午,79.7645900344491
2023-03-10 04:30:27.850 下午,79.5010126900222
2023-03-10 04:30:27.949 下午,79.3604406293838
2023-03-10 04:30:28.049 下午,79.430726659703
2023-03-10 04:30:28.148 下午,80.1511663550246
2023-03-10 04:30:28.247 下午,79.7997298957888
2023-03-10 04:30:28.347 下午,80.203879300854
2023-03-10 04:30:28.446 下午,79.7997298957888
2023-03-10 04:30:28.545 下午,79.870015926108
2023-03-10 04:30:28.645 下午,79.6767309196401
2023-03-10 04:30:28.744 下午,79.870015926108
2023-03-10 04:30:28.843 下午,79.5361525513619
2023-03-10 04:30:28.943 下午,79.5537256358517
2023-03-10 04:30:29.042 下午,79.9578750409169
2023-03-10 04:30:29.141 下午,79.782156811299
2023-03-10 04:30:29.241 下午,80.0984471015553
2023-03-10 04:30:29.340 下午,79.7118707809798
2023-03-10 04:30:29.439 下午,79.782156811299
2023-03-10 04:30:29.539 下午,79.3955804907235
2023-03-10 04:30:29.638 下午,79.7118707809798
2023-03-10 04:30:29.737 下午,79.782156811299
2023-03-10 04:30:29.837 下午,79.4131535752133
2023-03-10 04:30:29.936 下午,79.7294438654696
2023-03-10 04:30:30.035 下午,79.3955804907235
2023-03-10 04:30:30.135 下午,79.3077213759146
2023-03-10 04:30:30.234 下午,79.518585774512
2023-03-10 04:30:30.333 下午,79.1495762307864
2023-03-10 04:30:30.433 下午,79.2550084300851
2023-03-10 04:30:30.532 下午,79.7997298957888
2023-03-10 04:30:30.631 下午,80.1687394395143
2023-03-10 04:30:30.731 下午,80.3268782770027
2023-03-10 04:30:30.830 下午,80.8013137123872
2023-03-10 04:30:30.929 下午,80.2917321080232
2023-03-10 04:30:31.029 下午,79.9578750409169
2023-03-10 04:30:31.128 下午,80.6080223982795
2023-03-10 04:30:31.227 下午,80.0457341557259
2023-03-10 04:30:31.327 下午,80.0808803247054
2023-03-10 04:30:31.426 下午,80.0105942943862
2023-03-10 04:30:31.525 下午,79.3780074062338
2023-03-10 04:30:31.625 下午,79.4131535752133
2023-03-10 04:30:31.724 下午,79.2198622611056
2023-03-10 04:30:31.823 下午,79.1144363694467
2023-03-10 04:30:31.923 下午,78.7454268257211
2023-03-10 04:30:32.022 下午,79.4658665210427
2023-03-10 04:30:32.121 下午,79.5712987203414
2023-03-10 04:30:32.221 下午,79.8348760647683
2023-03-10 04:30:32.320 下午,80.0633072402156
2023-03-10 04:30:32.419 下午,79.3955804907235
2023-03-10 04:30:32.519 下午,79.430726659703
2023-03-10 04:30:32.618 下午,79.4834396055325
2023-03-10 04:30:32.717 下午,79.7294438654696
2023-03-10 04:30:32.817 下午,80.0808803247054
2023-03-10 04:30:32.916 下午,79.7118707809798
2023-03-10 04:30:33.015 下午,79.5712987203414
2023-03-10 04:30:33.115 下午,79.5888718048312
2023-03-10 04:30:33.214 下午,79.4834396055325
2023-03-10 04:30:33.313 下午,79.3428675448941
2023-03-10 04:30:33.413 下午,79.3252944604043
2023-03-10 04:30:33.512 下午,79.4834396055325
2023-03-10 04:30:33.611 下午,79.518585774512
2023-03-10 04:30:33.711 下午,79.8875890105977
2023-03-10 04:30:33.810 下午,79.7118707809798
2023-03-10 04:30:33.909 下午,79.7645900344491
2023-03-10 04:30:34.009 下午,79.2550084300851
2023-03-10 04:30:34.108 下午,79.3780074062338
2023-03-10 04:30:34.207 下午,79.8348760647683
2023-03-10 04:30:34.307 下午,79.4658665210427
2023-03-10 04:30:34.406 下午,79.8173029802785
2023-03-10 04:30:34.505 下午,79.6415847506606
2023-03-10 04:30:34.605 下午,79.782156811299
2023-03-10 04:30:34.704 下午,79.3077213759146
2023-03-10 04:30:34.803 下午,79.2901482914248
2023-03-10 04:30:34.903 下午,79.0617171159774
2023-03-10 04:30:35.002 下午,78.7629999102109
2023-03-10 04:30:35.101 下午,79.4131535752133
2023-03-10 04:30:35.201 下午,79.7997298957888
2023-03-10 04:30:35.300 下午,80.3795912228321
2023-03-10 04:30:35.399 下午,80.8364535737269
2023-03-10 04:30:35.499 下午,81.0473179723243
2023-03-10 04:30:35.598 下午,80.7837406278974
2023-03-10 04:30:35.697 下午,80.3795912228321
2023-03-10 04:30:35.797 下午,79.6240116661709
2023-03-10 04:30:35.896 下午,79.0265772546377
2023-03-10 04:30:35.995 下午,78.921145055339
2023-03-10 04:30:36.095 下午,79.2725815145749
2023-03-10 04:30:36.194 下午,79.5537256358517
2023-03-10 04:30:36.293 下午,79.9051620950875
2023-03-10 04:30:36.393 下午,80.2917321080232
2023-03-10 04:30:36.492 下午,80.0633072402156
2023-03-10 04:30:36.591 下午,80.3093051925129
2023-03-10 04:30:36.691 下午,79.7118707809798
2023-03-10 04:30:36.790 下午,79.3252944604043
2023-03-10 04:30:36.889 下午,79.430726659703
2023-03-10 04:30:36.989 下午,79.0265772546377
2023-03-10 04:30:37.088 下午,79.7470169499593
2023-03-10 04:30:37.187 下午,79.6415847506606
2023-03-10 04:30:37.287 下午,79.9227351795772
2023-03-10 04:30:37.386 下午,80.2214523853438
2023-03-10 04:30:37.485 下午,80.0633072402156
2023-03-10 04:30:37.585 下午,80.1160201860451
2023-03-10 04:30:37.684 下午,79.9930212098964
2023-03-10 04:30:37.783 下午,79.9578750409169
2023-03-10 04:30:37.883 下午,79.6591578351504
2023-03-10 04:30:37.982 下午,79.096863284957
2023-03-10 04:30:38.081 下午,78.4642827044443
2023-03-10 04:30:38.181 下午,78.5697085961032
2023-03-10 04:30:38.280 下午,78.7981397715506
2023-03-10 04:30:38.379 下午,79.5361525513619
2023-03-10 04:30:38.479 下午,80.4674503376411
2023-03-10 04:30:38.578 下午,80.3971643073219
2023-03-10 04:30:38.677 下午,79.9578750409169
2023-03-10 04:30:38.777 下午,79.6064448893209
2023-03-10 04:30:38.876 下午,79.448293436553
2023-03-10 04:30:38.975 下午,79.3955804907235
2023-03-10 04:30:39.075 下午,79.7470169499593
2023-03-10 04:30:39.174 下午,79.7997298957888
2023-03-10 04:30:39.273 下午,79.1144363694467
2023-03-10 04:30:39.373 下午,78.499422565784
2023-03-10 04:30:39.472 下午,78.7454268257211
2023-03-10 04:30:39.571 下午,79.518585774512
2023-03-10 04:30:39.671 下午,79.782156811299
2023-03-10 04:30:39.770 下午,80.4147373918116
2023-03-10 04:30:39.869 下午,80.1160201860451
2023-03-10 04:30:39.969 下午,79.8348760647683
2023-03-10 04:30:40.068 下午,80.5377363679603
2023-03-10 04:30:40.167 下午,80.2565922466835
2023-03-10 04:30:40.267 下午,80.7661675434076
2023-03-10 04:30:40.366 下午,80.5904493137897
2023-03-10 04:30:40.465 下午,80.2565922466835
2023-03-10 04:30:40.565 下午,80.2390254698335
2023-03-10 04:30:40.664 下午,79.6591578351504
2023-03-10 04:30:40.763 下午,78.8859988863595
2023-03-10 04:30:40.863 下午,78.4115634509751
2023-03-10 04:30:40.962 下午,78.4642827044443
2023-03-10 04:30:41.061 下午,78.2358452213572
2023-03-10 04:30:41.161 下午,78.6224278495725
2023-03-10 04:30:41.260 下午,78.7805729947006
2023-03-10 04:30:41.359 下午,78.8859988863595
2023-03-10 04:30:41.459 下午,78.8859988863595
2023-03-10 04:30:41.558 下午,79.0265772546377
2023-03-10 04:30:41.657 下午,79.096863284957
2023-03-10 04:30:41.757 下午,78.7629999102109
2023-03-10 04:30:41.856 下午,79.096863284957
2023-03-10 04:30:41.955 下午,78.7629999102109
2023-03-10 04:30:42.055 下午,78.4467096199546
2023-03-10 04:30:42.154 下午,78.3939903664853
2023-03-10 04:30:42.253 下午,78.077700076229
2023-03-10 04:30:42.353 下午,78.2709913903367
2023-03-10 04:30:42.452 下午,78.2885644748264
2023-03-10 04:30:42.551 下午,78.7981397715506
2023-03-10 04:30:42.651 下午,78.1128462452085
2023-03-10 04:30:42.750 下午,77.9371280155906
2023-03-10 04:30:42.849 下午,78.2358452213572
2023-03-10 04:30:42.949 下午,77.6032646408445
2023-03-10 04:30:43.048 下午,78.6575677109122
2023-03-10 04:30:43.147 下午,78.4818494812943
2023-03-10 04:30:43.247 下午,78.2709913903367
2023-03-10 04:30:43.346 下午,78.6927138798917
2023-03-10 04:30:43.445 下午,78.0249871303996
2023-03-10 04:30:43.545 下午,77.8668419852714
2023-03-10 04:30:43.644 下午,77.9019881542509
2023-03-10 04:30:43.743 下午,77.4626925802062
2023-03-10 04:30:43.843 下午,77.6032646408445
2023-03-10 04:30:43.942 下午,77.8668419852714
2023-03-10 04:30:44.041 下午,77.1464022899498
2023-03-10 04:30:44.141 下午,77.8492689007817
2023-03-10 04:30:44.240 下午,78.077700076229
2023-03-10 04:30:44.339 下午,77.6735506711638
2023-03-10 04:30:44.439 下午,78.4115634509751
2023-03-10 04:30:44.538 下午,77.7965559549522
2023-03-10 04:30:44.637 下午,78.0425602148893
2023-03-10 04:30:44.737 下午,78.921145055339
2023-03-10 04:30:44.836 下午,79.0441440314877
2023-03-10 04:30:44.935 下午,79.5537256358517
2023-03-10 04:30:45.035 下午,79.4658665210427
2023-03-10 04:30:45.134 下午,79.9578750409169
2023-03-10 04:30:45.233 下午,79.9578750409169
2023-03-10 04:30:45.333 下午,79.8524428416182
2023-03-10 04:30:45.432 下午,80.0984471015553
2023-03-10 04:30:45.531 下午,79.4658665210427
2023-03-10 04:30:45.631 下午,79.6942976964901
2023-03-10 04:30:45.730 下午,79.7118707809798
2023-03-10 04:30:45.829 下午,79.009004170148
2023-03-10 04:30:45.929 下午,78.8332859405301
2023-03-10 04:30:46.028 下午,78.6751407954019
2023-03-10 04:30:46.127 下午,78.5697085961032
2023-03-10 04:30:46.227 下午,79.0617171159774
2023-03-10 04:30:46.326 下午,78.7102869643814
2023-03-10 04:30:46.425 下午,78.3939903664853
2023-03-10 04:30:46.525 下午,78.1479861065482
2023-03-10 04:30:46.624 下午,77.9547011000804
2023-03-10 04:30:46.723 下午,77.9722741845701
2023-03-10 04:30:46.823 下午,78.0249871303996
2023-03-10 04:30:46.922 下午,78.1304193296983
2023-03-10 04:30:47.021 下午,78.4818494812943
2023-03-10 04:30:47.121 下午,78.9914310856582
2023-03-10 04:30:47.220 下午,79.0617171159774
2023-03-10 04:30:47.319 下午,79.448293436553
2023-03-10 04:30:47.419 下午,79.2901482914248
2023-03-10 04:30:47.518 下午,78.6575677109122
2023-03-10 04:30:47.617 下午,78.5697085961032
2023-03-10 04:30:47.717 下午,78.1479861065482
2023-03-10 04:30:47.816 下午,78.2885644748264
2023-03-10 04:30:47.915 下午,79.0792902004672
2023-03-10 04:30:48.015 下午,79.3428675448941
2023-03-10 04:30:48.114 下午,79.8524428416182
2023-03-10 04:30:48.213 下午,80.0808803247054
2023-03-10 04:30:48.313 下午,80.0808803247054
2023-03-10 04:30:48.412 下午,80.1160201860451
2023-03-10 04:30:48.511 下午,79.8173029802785
2023-03-10 04:30:48.611 下午,79.3428675448941
2023-03-10 04:30:48.710 下午,79.2198622611056
2023-03-10 04:30:48.809 下午,79.009004170148
2023-03-10 04:30:48.909 下午,79.3077213759146
2023-03-10 04:30:49.008 下午,79.2022891766158
2023-03-10 04:30:49.107 下午,176.742893088542
2023-03-10 04:30:49.207 下午,4606.32704740817
2023-03-10 04:30:49.306 下午,12636.7768488148
2023-03-10 04:30:49.405 下午,22926.6353381436
2023-03-10 04:30:49.505 下午,34580.6379036345
2023-03-10 04:30:49.604 下午,43011.1228637383
2023-03-10 04:30:49.703 下午,48885.4752452532
2023-03-10 04:30:49.803 下午,53529.3255840074
2023-03-10 04:30:49.902 下午,57633.9023907859
2023-03-10 04:30:50.001 下午,61306.2123022432
2023-03-10 04:30:50.101 下午,64346.2613548343
2023-03-10 04:30:50.200 下午,66492.4720287162
2023-03-10 04:30:50.299 下午,67593.1800011219
2023-03-10 04:30:50.399 下午,67748.9199675016
2023-03-10 04:30:50.498 下午,67242.2031417526
2023-03-10 04:30:50.597 下午,66402.9951809118
2023-03-10 04:30:50.697 下午,65523.2180956172
2023-03-10 04:30:50.796 下午,64767.3509105809
2023-03-10 04:30:50.895 下午,64127.1971254158
2023-03-10 04:30:50.995 下午,63560.8570568976
2023-03-10 04:30:51.094 下午,63043.2696951741
2023-03-10 04:30:51.193 下午,62563.2092579971
2023-03-10 04:30:51.293 下午,62116.4644622678
2023-03-10 04:30:51.392 下午,61698.3654342432
2023-03-10 04:30:51.491 下午,61304.197087018
2023-03-10 04:30:51.591 下午,60931.2530898893
2023-03-10 04:30:51.690 下午,60577.3244569369
2023-03-10 04:30:51.789 下午,60239.9309232684
2023-03-10 04:30:51.889 下午,59918.6655704249
2023-03-10 04:30:51.988 下午,59612.7210205115
2023-03-10 04:30:52.087 下午,59319.3263525936
2023-03-10 04:30:52.187 下午,59039.5666825618
2023-03-10 04:30:52.286 下午,58772.0016482518
2023-03-10 04:30:52.385 下午,58515.1585923837
2023-03-10 04:30:52.485 下午,58270.0709586627
2023-03-10 04:30:52.584 下午,58035.1369093456
2023-03-10 04:30:52.683 下午,57810.1820508074
2023-03-10 04:30:52.783 下午,57594.805923612
2023-03-10 04:30:52.882 下午,57389.6867251912
2023-03-10 04:30:52.981 下午,57193.1644865933
2023-03-10 04:30:53.081 下午,57005.3231751195
2023-03-10 04:30:53.180 下午,56826.8474472244
2023-03-10 04:30:53.279 下午,56655.1730707145
2023-03-10 04:30:53.379 下午,56491.953555518
2023-03-10 04:30:53.478 下午,56335.2834898035
2023-03-10 04:30:53.577 下午,56184.6203156257
2023-03-10 04:30:53.677 下午,56040.4484597215
2023-03-10 04:30:53.776 下午,55901.508412575
2023-03-10 04:30:53.875 下午,55767.9228956263
2023-03-10 04:30:53.975 下午,55638.3161369428
2023-03-10 04:30:54.074 下午,55513.1854813076
2023-03-10 04:30:54.173 下午,55392.8409618323
2023-03-10 04:30:54.273 下午,55276.6560532706
2023-03-10 04:30:54.372 下午,55165.7417076057
2023-03-10 04:30:54.471 下午,55058.6446446269
2023-03-10 04:30:54.571 下午,54956.0624388355
2023-03-10 04:30:54.670 下午,54857.9563360923
2023-03-10 04:30:54.769 下午,54764.6169924396
2023-03-10 04:30:54.869 下午,54677.1230647447
2023-03-10 04:30:54.968 下午,54594.3829780938
2023-03-10 04:30:55.067 下午,54516.2417159313
2023-03-10 04:30:55.167 下午,54441.6852116213
2023-03-10 04:30:55.266 下午,54370.5842847008
2023-03-10 04:30:55.365 下午,54301.4791959359
2023-03-10 04:30:55.465 下午,54236.0234552553
2023-03-10 04:30:55.564 下午,54173.5420947387
2023-03-10 04:30:55.663 下午,54113.1114740748
2023-03-10 04:30:55.763 下午,54055.9168240128
2023-03-10 04:30:55.862 下午,54000.4790282498
2023-03-10 04:30:55.961 下午,53947.1662511057
2023-03-10 04:30:56.061 下午,53894.9967210605
2023-03-10 04:30:56.160 下午,53844.61634043
2023-03-10 04:30:56.259 下午,53795.5019283385
2023-03-10 04:30:56.359 下午,53748.4091904953
2023-03-10 04:30:56.458 下午,53703.6029468499
2023-03-10 04:30:56.557 下午,53660.5148033646
2023-03-10 04:30:56.657 下午,53619.1899732012
2023-03-10 04:30:56.756 下午,53578.5110453537
2023-03-10 04:30:56.855 下午,53539.1691352998
2023-03-10 04:30:56.955 下午,53500.9640133217
2023-03-10 04:30:57.054 下午,53463.8569252804
2023-03-10 04:30:57.153 下午,53428.7262983254
2023-03-10 04:30:57.253 下午,53395.2556403219
2023-03-10 04:30:57.352 下午,53362.8700982089
2023-03-10 04:30:57.451 下午,53332.2930825801
2023-03-10 04:30:57.551 下午,53302.0906902944
2023-03-10 04:30:57.650 下午,53272.430855954
2023-03-10 04:30:57.749 下午,53243.9788589441
2023-03-10 04:30:57.849 下午,53216.7282402415
2023-03-10 04:30:57.948 下午,53191.0859183052
2023-03-10 04:30:58.047 下午,53167.2779589458
2023-03-10 04:30:58.147 下午,53143.7348195357
2023-03-10 04:30:58.246 下午,53121.1540745762
2023-03-10 04:30:58.345 下午,53098.9221168672
2023-03-10 04:30:58.445 下午,53077.8011111414
2023-03-10 04:30:58.544 下午,53057.5262374492
2023-03-10 04:30:58.643 下午,53037.7939217023
2023-03-10 04:30:58.743 下午,53019.0950496606
2023-03-10 04:30:58.842 下午,53000.3832595725
2023-03-10 04:30:58.941 下午,52982.8470116992
2023-03-10 04:30:59.041 下午,52966.0987646512
2023-03-10 04:30:59.140 下午,52949.0534025379
2023-03-10 04:30:59.239 下午,52932.5053852077
2023-03-10 04:30:59.339 下午,52916.2674009891
2023-03-10 04:30:59.438 下午,52900.1004660252
2023-03-10 04:30:59.537 下午,52884.9346796508
2023-03-10 04:30:59.637 下午,52870.2985331754
2023-03-10 04:30:59.736 下午,52856.6312401735
2023-03-10 04:30:59.835 下午,52843.6615216728
2023-03-10 04:30:59.935 下午,52832.0094438962
2023-03-10 04:31:00.034 下午,52820.660940208
2023-03-10 04:31:00.133 下午,52809.9066666503
2023-03-10 04:31:00.233 下午,52799.2944916022
2023-03-10 04:31:00.332 下午,52789.0827759897
2023-03-10 04:31:00.431 下午,52778.858142331
2023-03-10 04:31:00.531 下午,52768.4914101628
2023-03-10 04:31:00.630 下午,52758.4734652451
2023-03-10 04:31:00.729 下午,52747.5641751317
2023-03-10 04:31:00.829 下午,52737.546230214
2023-03-10 04:31:00.928 下午,52728.0579251953
2023-03-10 04:31:01.027 下午,52719.2736537007
2023-03-10 04:31:01.127 下午,52711.0319401514
2023-03-10 04:31:01.226 下午,52702.5770788379
2023-03-10 04:31:01.325 下午,52694.4580867286
2023-03-10 04:31:01.425 下午,52685.4800445393
2023-03-10 04:31:01.524 下午,52678.4849224595
2023-03-10 04:31:01.623 下午,52672.0581944175
2023-03-10 04:31:01.723 下午,52665.5345810282
2023-03-10 04:31:01.822 下午,52660.1800508304
2023-03-10 04:31:01.921 下午,52653.7274866958
2023-03-10 04:31:02.021 下午,52648.0693824096
2023-03-10 04:31:02.120 下午,52643.1863609024
2023-03-10 04:31:02.219 下午,52638.0901916309
2023-03-10 04:31:02.319 下午,52633.1361208689
2023-03-10 04:31:02.418 下午,52628.1820501069
2023-03-10 04:31:02.517 下午,52622.9244052565
2023-03-10 04:31:02.616 下午,52618.8810567597
2023-03-10 04:31:02.716 下午,52614.4372488272
2023-03-10 04:31:02.815 下午,52610.1678345199
2023-03-10 04:31:02.914 下午,52606.3893059726
2023-03-10 04:31:03.014 下午,52601.2931367012
2023-03-10 04:31:03.113 下午,52597.1658209034
2023-03-10 04:31:03.212 下午,52592.8576524571
2023-03-10 04:31:03.312 下午,52588.8207629836
2023-03-10 04:31:03.411 下午,52586.1273503268
2023-03-10 04:31:03.510 下午,52583.3887245079
2023-03-10 04:31:03.610 下午,52580.9084596153
2023-03-10 04:31:03.709 下午,52579.1709823859
2023-03-10 04:31:03.808 下午,52577.3107837164
2023-03-10 04:31:03.908 下午,52576.3806843817
2023-03-10 04:31:04.007 下午,52575.5862245333
2023-03-10 04:31:04.106 下午,52574.6367481291
2023-03-10 04:31:04.206 下午,52574.3202559944
2023-03-10 04:31:04.305 下午,52573.2997303355
2023-03-10 04:31:04.404 下午,52572.8605167607
2023-03-10 04:31:04.504 下午,52572.0014666808
2023-03-10 04:31:04.603 下午,52570.5288094008
2023-03-10 04:31:04.702 下午,52569.7343495524
2023-03-10 04:31:04.802 下午,52569.0690701671
2023-03-10 04:31:04.901 下午,52567.835396744
2023-03-10 04:31:05.000 下午,52566.8730022935
2023-03-10 04:31:05.100 下午,52565.4132630598
2023-03-10 04:31:05.199 下午,52563.617654622
2023-03-10 04:31:05.298 下午,52562.8490308662
2023-03-10 04:31:05.398 下午,52561.6153574431
2023-03-10 04:31:05.497 下午,52560.4075201126
2023-03-10 04:31:05.596 下午,52559.2642730137
2023-03-10 04:31:05.696 下午,52557.4880416453
2023-03-10 04:31:05.795 下午,52556.1381058053
2023-03-10 04:31:05.894 下午,52555.4146952116
2023-03-10 04:31:05.994 下午,52553.9743330475
2023-03-10 04:31:06.093 下午,52552.9215122727
2023-03-10 04:31:06.192 下午,52551.6749208033
2023-03-10 04:31:06.292 下午,52550.1247552454
2023-03-10 04:31:06.391 下午,52549.0719344707
2023-03-10 04:31:06.490 下午,52548.5810487107
2023-03-10 04:31:06.590 下午,52548.2968516918
2023-03-10 04:31:06.689 下午,52547.1729816623
2023-03-10 04:31:06.788 下午,52546.5787515318
2023-03-10 04:31:06.888 下午,52545.6809473129
2023-03-10 04:31:06.987 下午,52544.8218972329
2023-03-10 04:31:07.086 下午,52544.7120938392
2023-03-10 04:31:07.186 下午,52543.8853388751
2023-03-10 04:31:07.285 下午,52543.0069117256
2023-03-10 04:31:07.384 下午,52542.0768123909
2023-03-10 04:31:07.484 下午,52541.6569758856
2023-03-10 04:31:07.583 下午,52541.0950408709
2023-03-10 04:31:07.682 下午,52540.3716302772
2023-03-10 04:31:07.782 下午,52539.790318193
2023-03-10 04:31:07.881 下午,52538.847300812
2023-03-10 04:31:07.980 下午,52538.3176609131
2023-03-10 04:31:08.080 下午,52537.3358893931
2023-03-10 04:31:08.179 下午,52536.2443144794
2023-03-10 04:31:08.278 下午,52535.2948380752
2023-03-10 04:31:08.378 下午,52534.4357879953
2023-03-10 04:31:08.477 下午,52533.3635901511
2023-03-10 04:31:08.576 下午,52531.9555231027
2023-03-10 04:31:08.676 下午,52529.9015537385
2023-03-10 04:31:08.775 下午,52528.3901423196
2023-03-10 04:31:08.874 下午,52527.4923381007
2023-03-10 04:31:08.974 下午,52527.7894531659
2023-03-10 04:31:09.073 下午,52528.0026009301
2023-03-10 04:31:09.172 下午,52528.3190930649
2023-03-10 04:31:09.272 下午,52529.3396187238
2023-03-10 04:31:09.371 下午,52530.7993579574
2023-03-10 04:31:09.470 下午,52533.1698194563
2023-03-10 04:31:09.570 下午,52534.99772301
2023-03-10 04:31:09.669 下午,52536.6318558689
2023-03-10 04:31:09.768 下午,52537.5296600878
2023-03-10 04:31:09.868 下午,52538.0205458478
2023-03-10 04:31:09.967 下午,52538.9312681131
2023-03-10 04:31:10.066 下午,52538.6341530478
2023-03-10 04:31:10.166 下午,52538.5953989088
2023-03-10 04:31:10.265 下午,52538.2982838436
2023-03-10 04:31:10.364 下午,52537.1033645594
2023-03-10 04:31:10.464 下午,52536.9612660499
2023-03-10 04:31:10.563 下午,52536.1732652247
2023-03-10 04:31:10.662 下午,52535.327133191
2023-03-10 04:31:10.762 下午,52534.38411581
2023-03-10 04:31:10.861 下午,52533.4152623363
2023-03-10 04:31:10.960 下午,52532.5174581174
2023-03-10 04:31:11.060 下午,52532.2009659827
2023-03-10 04:31:11.159 下午,52533.5379837763
2023-03-10 04:31:11.258 下午,52538.9829402983
2023-03-10 04:31:11.358 下午,52563.617654622
2023-03-10 04:31:11.457 下午,52637.1600922962
2023-03-10 04:31:11.556 下午,52804.2485623641
2023-03-10 04:31:11.656 下午,53116.5294139953
2023-03-10 04:31:11.755 下午,53614.4619682498
2023-03-10 04:31:11.854 下午,54316.6062281714
2023-03-10 04:31:11.954 下午,55213.7128725983
2023-03-10 04:31:12.053 下午,56273.5158513459
2023-03-10 04:31:12.152 下午,57454.5676128108
2023-03-10 04:31:12.252 下午,58714.2450631751
2023-03-10 04:31:12.351 下午,60020.0011847469
2023-03-10 04:31:12.450 下午,61348.6868385286
2023-03-10 04:31:12.550 下午,62686.2988623144
2023-03-10 04:31:12.649 下午,64025.5966911444
2023-03-10 04:31:12.748 下午,65362.3302877807
2023-03-10 04:31:12.848 下午,66693.9677151455
2023-03-10 04:31:12.947 下午,68019.9147431084
2023-03-10 04:31:13.046 下午,69339.7773712567
2023-03-10 04:31:13.146 下午,70651.7535321293
2023-03-10 04:31:13.245 下午,71957.5742439326
2023-03-10 04:31:13.344 下午,73255.372848974
2023-03-10 04:31:13.444 下午,74544.7941009798
2023-03-10 04:31:13.543 下午,75826.7035090531
2023-03-10 04:31:13.642 下午,77100.2549411602
2023-03-10 04:31:13.742 下午,78364.944593495
2023-03-10 04:31:13.841 下午,79620.8628923815
2023-03-10 04:31:13.940 下午,80867.2605911334
2023-03-10 04:31:14.040 下午,82103.8922468709
2023-03-10 04:31:14.139 下午,83331.3908438632
2023-03-10 04:31:14.238 下午,84550.0922513147
2023-03-10 04:31:14.338 下午,85759.2601405854
2023-03-10 04:31:14.437 下午,86958.8170033973
2023-03-10 04:31:14.536 下午,88148.4657246853
2023-03-10 04:31:14.636 下午,89326.5657125671
2023-03-10 04:31:14.735 下午,90493.1169670429
2023-03-10 04:31:14.834 下午,91647.9127993716
2023-03-10 04:31:14.934 下午,92790.2039628669
2023-03-10 04:31:15.033 下午,93920.4425891498
2023-03-10 04:31:15.132 下午,95038.5124158035
2023-03-10 04:31:15.232 下午,96144.7751481248
2023-03-10 04:31:15.331 下午,97239.5149831326
2023-03-10 04:31:15.430 下午,98323.054871985
2023-03-10 04:31:15.530 下午,99395.5627492839
2023-03-10 04:31:15.629 下午,100325.868772742
2023-03-10 04:31:15.728 下午,100928.947764981
2023-03-10 04:31:15.828 下午,101253.526596705
2023-03-10 04:31:15.927 下午,101305.999700838
2023-03-10 04:31:16.026 下午,101221.541514027
2023-03-10 04:31:16.126 下午,101189.931054693
2023-03-10 04:31:16.225 下午,101167.001522483
2023-03-10 04:31:16.324 下午,101149.316717077
2023-03-10 04:31:16.424 下午,101136.269490299
2023-03-10 04:31:16.523 下午,101126.180496126
2023-03-10 04:31:16.622 下午,101118.158389364
2023-03-10 04:31:16.722 下午,101111.33766091
2023-03-10 04:31:16.821 下午,101105.589130299
2023-03-10 04:31:16.920 下午,101100.757780977
2023-03-10 04:31:17.020 下午,101096.003939933
2023-03-10 04:31:17.119 下午,101092.412723058
2023-03-10 04:31:17.218 下午,101088.51147307
2023-03-10 04:31:17.318 下午,101085.333633677
2023-03-10 04:31:17.417 下午,101083.176319942
2023-03-10 04:31:17.516 下午,101080.360185845
2023-03-10 04:31:17.616 下午,101079.249233862
2023-03-10 04:31:17.715 下午,101077.621560026
2023-03-10 04:31:17.814 下午,101075.968050098
2023-03-10 04:31:17.914 下午,101074.960442485
2023-03-10 04:31:18.013 下午,101073.668637854
2023-03-10 04:31:18.112 下午,101072.493095639
2023-03-10 04:31:18.212 下午,101071.149618822
2023-03-10 04:31:18.311 下午,101070.813749618
2023-03-10 04:31:18.410 下午,101069.328174292
2023-03-10 04:31:18.510 下午,101068.230140355
2023-03-10 04:31:18.609 下午,101066.899581585
2023-03-10 04:31:18.708 下午,101065.47859649
2023-03-10 04:31:18.808 下午,101064.793940035
2023-03-10 04:31:18.907 下午,101063.825086561
2023-03-10 04:31:19.006 下午,101062.494527791
2023-03-10 04:31:19.106 下午,101061.525674317
2023-03-10 04:31:19.205 下午,101060.737673492
2023-03-10 04:31:19.304 下午,101059.626721509
2023-03-10 04:31:19.404 下午,101059.717147833
2023-03-10 04:31:19.503 下午,101058.619113896
2023-03-10 04:31:19.602 下午,101057.727768701
2023-03-10 04:31:19.702 下午,101057.198128802
2023-03-10 04:31:19.801 下午,101055.932160263
2023-03-10 04:31:19.900 下午,101055.480028642
2023-03-10 04:31:20.000 下午,101054.265732288
2023-03-10 04:31:20.099 下午,101053.309796861
2023-03-10 04:31:20.198 下午,101052.986845703
2023-03-10 04:31:20.298 下午,101052.108418553
2023-03-10 04:31:20.397 下午,101051.13956508
2023-03-10 04:31:20.496 下午,101050.64867932
2023-03-10 04:31:20.596 下午,101049.783170216
2023-03-10 04:31:20.695 下午,101049.03392353
2023-03-10 04:31:20.794 下午,101048.995169391
2023-03-10 04:31:20.894 下午,101048.698054326
2023-03-10 04:31:20.993 下午,101047.845463269
2023-03-10 04:31:21.092 下午,101047.522512111
2023-03-10 04:31:21.192 下午,101046.837855657
2023-03-10 04:31:21.291 下午,101046.036936785
2023-03-10 04:31:21.390 下午,101045.778575859
2023-03-10 04:31:21.490 下午,101045.016411126
2023-03-10 04:31:21.589 下午,101044.603033644
2023-03-10 04:31:21.688 下午,101044.448017088
2023-03-10 04:31:21.788 下午,101043.130376364
2023-03-10 04:31:21.887 下午,101042.613654511
2023-03-10 04:31:21.986 下午,101041.838571732
2023-03-10 04:31:22.086 下午,101040.740537796
2023-03-10 04:31:22.185 下午,101040.843882166
2023-03-10 04:31:22.284 下午,101040.017127202
2023-03-10 04:31:22.384 下午,101039.332470747
2023-03-10 04:31:22.483 下午,101038.350699227
2023-03-10 04:31:22.582 下午,101036.748861484
2023-03-10 04:31:22.682 下午,101036.257975724
2023-03-10 04:31:22.781 下午,101035.599155362
2023-03-10 04:31:22.880 下午,101035.392466621
2023-03-10 04:31:22.980 下午,101035.547483177
2023-03-10 04:31:23.079 下午,101034.410695101
2023-03-10 04:31:23.178 下午,101033.622694276
2023-03-10 04:31:23.278 下午,101032.602168617
2023-03-10 04:31:23.377 下午,101031.943348255
2023-03-10 04:31:23.476 下午,101031.374954217
2023-03-10 04:31:23.576 下午,101031.052003059
2023-03-10 04:31:23.675 下午,101030.948658688
2023-03-10 04:31:23.774 下午,101030.651543623
2023-03-10 04:31:23.874 下午,101030.793642133
2023-03-10 04:31:23.973 下午,101029.837706705
2023-03-10 04:31:24.072 下午,101029.04970588
2023-03-10 04:31:24.172 下午,101028.377967472
2023-03-10 04:31:24.271 下午,101027.82249148
2023-03-10 04:31:24.370 下午,101027.241179396
2023-03-10 04:31:24.470 下午,101026.724457543
2023-03-10 04:31:24.569 下午,101025.523079236
2023-03-10 04:31:24.668 下午,101024.011667817
2023-03-10 04:31:24.768 下午,101023.15907676
2023-03-10 04:31:24.867 下午,101021.815599943
2023-03-10 04:31:24.966 下午,101020.743402099
2023-03-10 04:31:25.066 下午,101020.95009084
2023-03-10 04:31:25.165 下午,101021.066353257
2023-03-10 04:31:25.264 下午,101021.544320971
2023-03-10 04:31:25.364 下午,101021.595993156
2023-03-10 04:31:25.463 下午,101021.143861535
2023-03-10 04:31:25.562 下午,101020.162090015
2023-03-10 04:31:25.662 下午,101019.542023792
2023-03-10 04:31:25.761 下午,101019.800384718
2023-03-10 04:31:25.860 下午,101019.23199068
2023-03-10 04:31:25.960 下午,101019.542023792
2023-03-10 04:31:26.059 下午,101019.244908727
2023-03-10 04:31:26.158 下午,101018.276055253
2023-03-10 04:31:26.258 下午,101017.823923632
2023-03-10 04:31:26.357 下午,101016.842152112
2023-03-10 04:31:26.456 下午,101016.351266352
2023-03-10 04:31:26.556 下午,101016.170413704
2023-03-10 04:31:26.655 下午,101015.679527944
2023-03-10 04:31:26.754 下午,101015.085297813
2023-03-10 04:31:26.854 下午,101014.56857596
2023-03-10 04:31:26.953 下午,101013.651394672
2023-03-10 04:31:27.052 下午,101013.134672819
2023-03-10 04:31:27.152 下午,101013.044246495
2023-03-10 04:31:27.251 下午,101012.320835901
2023-03-10 04:31:27.350 下午,101012.088311068
2023-03-10 04:31:27.450 下午,101011.584507262
2023-03-10 04:31:27.549 下午,101010.576899649
2023-03-10 04:31:27.648 下午,101010.357292862
2023-03-10 04:31:27.748 下午,101009.31093111
2023-03-10 04:31:27.847 下午,101008.354995683
2023-03-10 04:31:27.946 下午,101007.83827383
2023-03-10 04:31:28.046 下午,101007.334470024
2023-03-10 04:31:28.145 下午,101007.554076811
2023-03-10 04:31:28.244 下午,101007.83827383
2023-03-10 04:31:28.344 下午,101008.135388895
2023-03-10 04:31:28.443 下午,101007.605748996
2023-03-10 04:31:28.542 下午,101006.921092542
2023-03-10 04:31:28.642 下午,101006.468960921
2023-03-10 04:31:28.741 下午,101006.171845855
2023-03-10 04:31:28.840 下午,101005.409681123
2023-03-10 04:31:28.940 下午,101005.487189401
2023-03-10 04:31:29.039 下午,101004.841287085
2023-03-10 04:31:29.138 下午,101003.898269704
2023-03-10 04:31:29.238 下午,101003.304039573
2023-03-10 04:31:29.337 下午,101002.270595868
2023-03-10 04:31:29.436 下午,101001.831382293
2023-03-10 04:31:29.536 下午,101001.740955969
2023-03-10 04:31:29.635 下午,101001.792628154
2023-03-10 04:31:29.734 下午,101001.883054479
2023-03-10 04:31:29.834 下午,101001.327578487
2023-03-10 04:31:29.933 下午,101000.319970874
2023-03-10 04:31:30.032 下午,100999.209018891
2023-03-10 04:31:30.132 下午,100998.666460946
2023-03-10 04:31:30.231 下午,100998.433936112
2023-03-10 04:31:30.330 下午,100998.51144439
2023-03-10 04:31:30.430 下午,100999.118592567
2023-03-10 04:31:30.529 下午,100998.601870714
2023-03-10 04:31:30.628 下午,100997.800951843
2023-03-10 04:31:30.728 下午,100996.896688601
2023-03-10 04:31:30.827 下午,100995.940753173
2023-03-10 04:31:30.926 下午,100995.540293738
2023-03-10 04:31:31.026 下午,100995.876162942
2023-03-10 04:31:31.125 下午,100995.914917081
2023-03-10 04:31:31.224 下午,100995.798654664
2023-03-10 04:31:31.324 下午,100995.385277182
2023-03-10 04:31:31.423 下午,100994.661866588
2023-03-10 04:31:31.522 下午,100993.964292087
2023-03-10 04:31:31.622 下午,100992.943766428
2023-03-10 04:31:31.721 下午,100992.117011464
2023-03-10 04:31:31.820 下午,100991.522781334
2023-03-10 04:31:31.920 下午,100990.566845906
2023-03-10 04:31:32.019 下午,100990.773534647
2023-03-10 04:31:32.118 下午,100990.670190277
2023-03-10 04:31:32.218 下午,100990.605600045
2023-03-10 04:31:32.317 下午,100991.070649712
2023-03-10 04:31:32.416 下午,100990.579763952
2023-03-10 04:31:32.516 下午,100991.161076037
2023-03-10 04:31:32.615 下午,100990.79937074
2023-03-10 04:31:32.714 下午,100990.385993258
2023-03-10 04:31:32.814 下午,100990.334321072
2023-03-10 04:31:32.913 下午,100989.701336803
2023-03-10 04:31:33.012 下午,100989.636746571
2023-03-10 04:31:33.112 下午,100989.404221738
2023-03-10 04:31:33.211 下午,100988.952090117
2023-03-10 04:31:33.310 下午,100988.112417106
2023-03-10 04:31:33.410 下午,100987.634449393
2023-03-10 04:31:33.509 下午,100987.156481679
2023-03-10 04:31:33.608 下午,100986.549333502
2023-03-10 04:31:33.708 下午,100986.601005687
2023-03-10 04:31:33.807 下午,100986.510579363
2023-03-10 04:31:33.906 下午,100986.768940289
2023-03-10 04:31:34.006 下午,100986.820612475
2023-03-10 04:31:34.105 下午,100986.316808668
2023-03-10 04:31:34.204 下午,100985.412545426
2023-03-10 04:31:34.304 下午,100984.508282184
2023-03-10 04:31:34.403 下午,100984.030314471
2023-03-10 04:31:34.502 下午,100983.68152722
2023-03-10 04:31:34.602 下午,100983.939888146
2023-03-10 04:31:34.701 下午,100983.655691127
2023-03-10 04:31:34.800 下午,100983.384412155
2023-03-10 04:31:34.900 下午,100982.751427885
2023-03-10 04:31:34.999 下午,100982.260542125
2023-03-10 04:31:35.098 下午,100982.015099245
2023-03-10 04:31:35.198 下午,100981.640475902
2023-03-10 04:31:35.297 下午,100981.330442791
2023-03-10 04:31:35.396 下午,100980.516605873
2023-03-10 04:31:35.496 下午,100979.728605047
2023-03-10 04:31:35.595 下午,100979.922375742
2023-03-10 04:31:35.694 下午,100979.741523094
2023-03-10 04:31:35.794 下午,100979.573588492
2023-03-10 04:31:35.893 下午,100979.89653965
2023-03-10 04:31:35.992 下午,100978.720997435
2023-03-10 04:31:36.092 下午,100978.940604222
2023-03-10 04:31:36.191 下午,100978.811423759
2023-03-10 04:31:36.290 下午,100978.359292138
2023-03-10 04:31:36.390 下午,100978.359292138
2023-03-10 04:31:36.489 下午,100977.894242471
2023-03-10 04:31:36.588 下午,100977.997586841
2023-03-10 04:31:36.688 下午,100977.816734193
2023-03-10 04:31:36.787 下午,100977.532537174
2023-03-10 04:31:36.886 下午,100976.95122509
2023-03-10 04:31:36.986 下午,100975.879027245
2023-03-10 04:31:37.085 下午,100975.168534698
2023-03-10 04:31:37.184 下午,100975.000600096
2023-03-10 04:31:37.284 下午,100974.897255725
2023-03-10 04:31:37.383 下午,100974.651812845
2023-03-10 04:31:37.482 下午,100974.35469778
2023-03-10 04:31:37.582 下午,100973.631287187
2023-03-10 04:31:37.681 下午,100972.972466824
2023-03-10 04:31:37.780 下午,100972.804532222
2023-03-10 04:31:37.880 下午,100972.752860037
2023-03-10 04:31:37.979 下午,100972.429908879
2023-03-10 04:31:38.078 下午,100971.745252424
2023-03-10 04:31:38.178 下午,100971.628990008
2023-03-10 04:31:38.277 下午,100971.590235869
2023-03-10 04:31:38.376 下午,100971.680662193
2023-03-10 04:31:38.476 下午,100971.628990008
2023-03-10 04:31:38.575 下午,100970.647218488
2023-03-10 04:31:38.674 下午,100969.794627431
2023-03-10 04:31:38.774 下午,100968.696593494
2023-03-10 04:31:38.873 下午,100968.890364189
2023-03-10 04:31:38.972 下午,100969.148725115
2023-03-10 04:31:39.072 下午,100968.063609225
2023-03-10 04:31:39.171 下午,100968.812855911
2023-03-10 04:31:39.270 下午,100968.21862578
2023-03-10 04:31:39.370 下午,100967.792330252
2023-03-10 04:31:39.469 下午,100968.141117502
2023-03-10 04:31:39.568 下午,100967.262690353
2023-03-10 04:31:39.668 下午,100966.900985056
2023-03-10 04:31:39.767 下午,100966.965575288
2023-03-10 04:31:39.866 下午,100966.771804593
2023-03-10 04:31:39.966 下午,100965.828787212
2023-03-10 04:31:40.065 下午,100965.777115027
2023-03-10 04:31:40.164 下午,100965.841705258
2023-03-10 04:31:40.264 下午,100965.673770656
2023-03-10 04:31:40.363 下午,100966.616788037
2023-03-10 04:31:40.462 下午,100966.035475953
2023-03-10 04:31:40.562 下午,100964.911605924
2023-03-10 04:31:40.661 下午,100964.511146488
2023-03-10 04:31:40.760 下午,100963.80065394
2023-03-10 04:31:40.860 下午,100963.348522319
2023-03-10 04:31:40.959 下午,100963.55521106
2023-03-10 04:31:41.058 下午,100963.490620829
2023-03-10 04:31:41.158 下午,100963.581047153
2023-03-10 04:31:41.257 下午,100964.214031423
2023-03-10 04:31:41.356 下午,100963.748981755
2023-03-10 04:31:41.456 下午,100963.154751625
2023-03-10 04:31:41.555 下午,100962.405504938
2023-03-10 04:31:41.654 下午,100962.379668846
2023-03-10 04:31:41.754 下午,100962.069635734
2023-03-10 04:31:41.853 下午,100962.276324475
2023-03-10 04:31:41.952 下午,100962.508849309
2023-03-10 04:31:42.052 下午,100961.384979279
2023-03-10 04:31:42.151 下午,100961.204126631
2023-03-10 04:31:42.250 下午,100960.842421334
2023-03-10 04:31:42.350 下午,100960.377371667
2023-03-10 04:31:42.449 下午,100960.209437065
2023-03-10 04:31:42.548 下午,100959.201829452
2023-03-10 04:31:42.648 下午,100958.452582766
2023-03-10 04:31:42.747 下午,100957.974615052
2023-03-10 04:31:42.846 下午,100957.742090218
2023-03-10 04:31:42.946 下午,100957.845434589
2023-03-10 04:31:43.045 下午,100957.974615052
2023-03-10 04:31:43.144 下午,100957.160778134
2023-03-10 04:31:43.244 下午,100956.127334429
2023-03-10 04:31:43.343 下午,100955.533104299
2023-03-10 04:31:43.442 下午,100954.667595195
2023-03-10 04:31:43.542 下午,100954.667595195
2023-03-10 04:31:43.641 下午,100954.796775659
2023-03-10 04:31:43.740 下午,100955.235989233
2023-03-10 04:31:43.840 下午,100955.584776484
2023-03-10 04:31:43.939 下午,100955.881891549
2023-03-10 04:31:44.038 下午,100955.778547179
2023-03-10 04:31:44.138 下午,100955.84313741
2023-03-10 04:31:44.237 下午,100955.623530623
2023-03-10 04:31:44.336 下午,100954.900120029
2023-03-10 04:31:44.436 下午,100954.654677149
2023-03-10 04:31:44.535 下午,100954.654677149
2023-03-10 04:31:44.634 下午,100954.357562084
2023-03-10 04:31:44.734 下午,100954.37048013
2023-03-10 04:31:44.833 下午,100954.331725991
2023-03-10 04:31:44.932 下午,100953.724577814
2023-03-10 04:31:45.032 下午,100952.949495035
2023-03-10 04:31:45.131 下午,100952.122740071
2023-03-10 04:31:45.230 下午,100951.308903153
2023-03-10 04:31:45.330 下午,100950.275459448
2023-03-10 04:31:45.429 下午,100950.365885772
2023-03-10 04:31:45.528 下午,100950.843853486
2023-03-10 04:31:45.628 下午,100951.166804644
2023-03-10 04:31:45.727 下午,100951.192640736
2023-03-10 04:31:45.826 下午,100951.011788088
2023-03-10 04:31:45.926 下午,100950.818017393
2023-03-10 04:31:46.025 下午,100950.378803819
2023-03-10 04:31:46.124 下午,100950.210869217
2023-03-10 04:31:46.224 下午,100949.590802993
2023-03-10 04:31:46.323 下午,100948.97073677
2023-03-10 04:31:46.422 下午,100948.570277334
2023-03-10 04:31:46.522 下午,100948.195653991
2023-03-10 04:31:46.621 下午,100948.47985101
2023-03-10 04:31:46.720 下午,100948.260244223
2023-03-10 04:31:46.820 下午,100947.756440417
2023-03-10 04:31:46.919 下午,100947.74352237
2023-03-10 04:31:47.018 下午,100946.852177174
2023-03-10 04:31:47.118 下午,100946.361291414
2023-03-10 04:31:47.217 下午,100946.077094396
2023-03-10 04:31:47.316 下午,100945.831651516
2023-03-10 04:31:47.416 下午,100946.16752072
2023-03-10 04:31:47.515 下午,100946.387127507
2023-03-10 04:31:47.614 下午,100946.361291414
2023-03-10 04:31:47.713 下午,100946.374209461
2023-03-10 04:31:47.813 下午,100946.128766581
2023-03-10 04:31:47.912 下午,100945.624962775
2023-03-10 04:31:48.011 下午,100945.870405655
2023-03-10 04:31:48.111 下午,100945.146995061
2023-03-10 04:31:48.210 下午,100944.720699532
2023-03-10 04:31:48.309 下午,100944.617355162
2023-03-10 04:31:48.409 下午,100944.30732205
2023-03-10 04:31:48.508 下午,100944.126469402
2023-03-10 04:31:48.607 下午,100944.087715263
2023-03-10 04:31:48.707 下午,100943.738928012
2023-03-10 04:31:48.806 下午,100943.312632484
2023-03-10 04:31:48.905 下午,100943.312632484
2023-03-10 04:31:49.005 下午,100942.795910631
2023-03-10 04:31:49.104 下午,100943.054271558
2023-03-10 04:31:49.203 下午,100942.950927187
2023-03-10 04:31:49.303 下午,100942.7313204
2023-03-10 04:31:49.402 下午,100943.144697882
2023-03-10 04:31:49.501 下午,100942.718402354
2023-03-10 04:31:49.601 下午,100942.666730168
2023-03-10 04:31:49.700 下午,100942.705484307
2023-03-10 04:31:49.799 下午,100942.046663945
2023-03-10 04:31:49.899 下午,100941.74954888
2023-03-10 04:31:49.998 下午,100941.723712787
2023-03-10 04:31:50.097 下午,100941.090728518
2023-03-10 04:31:50.197 下午,100941.155318749
2023-03-10 04:31:50.296 下午,100940.729023221
2023-03-10 04:31:50.395 下午,100940.2768916
2023-03-10 04:31:50.495 下午,100939.928104349
2023-03-10 04:31:50.594 下午,100939.29512008
2023-03-10 04:31:50.693 下午,100939.023841107
2023-03-10 04:31:50.793 下午,100937.990397402
2023-03-10 04:31:50.892 下午,100938.377938792
2023-03-10 04:31:50.991 下午,100938.377938792
2023-03-10 04:31:51.091 下午,100938.222922236
2023-03-10 04:31:51.190 下午,100939.385546404
2023-03-10 04:31:51.289 下午,100938.287512467
2023-03-10 04:31:51.389 下午,100937.305740947
2023-03-10 04:31:51.488 下午,100936.995707836
2023-03-10 04:31:51.587 下午,100936.608166446
2023-03-10 04:31:51.687 下午,100936.711510817
2023-03-10 04:31:51.786 下午,100937.202396577
2023-03-10 04:31:51.885 下午,100937.008625882
2023-03-10 04:31:51.985 下午,100936.194788964
2023-03-10 04:31:52.084 下午,100936.130198733
2023-03-10 04:31:52.183 下午,100935.497214463
2023-03-10 04:31:52.283 下午,100935.213017444
2023-03-10 04:31:52.382 下午,100935.109673074
2023-03-10 04:31:52.481 下午,100934.63170536
2023-03-10 04:31:52.581 下午,100934.670459499
2023-03-10 04:31:52.680 下午,100934.657541453
2023-03-10 04:31:52.779 下午,100934.476688804
2023-03-10 04:31:52.879 下午,100934.192491785
2023-03-10 04:31:52.978 下午,100933.934130859
2023-03-10 04:31:53.077 下午,100933.494917284
2023-03-10 04:31:53.177 下午,100932.719834505
2023-03-10 04:31:53.276 下午,100932.758588644
2023-03-10 04:31:53.375 下午,100933.236556358
2023-03-10 04:31:53.475 下午,100933.611179701
2023-03-10 04:31:53.574 下午,100933.79203235
2023-03-10 04:31:53.673 下午,100933.637015794
2023-03-10 04:31:53.773 下午,100932.849014968
2023-03-10 04:31:53.872 下午,100932.125604375
2023-03-10 04:31:53.971 下午,100931.699308846
2023-03-10 04:31:54.071 下午,100931.738062985
2023-03-10 04:31:54.170 下午,100931.260095272
2023-03-10 04:31:54.269 下午,100931.285931364
2023-03-10 04:31:54.369 下午,100931.608882522
2023-03-10 04:31:54.468 下午,100931.066324577
2023-03-10 04:31:54.567 下午,100931.634718615
2023-03-10 04:31:54.667 下午,100930.924226067
2023-03-10 04:31:54.766 下午,100930.433340307
2023-03-10 04:31:54.865 下午,100930.407504215
2023-03-10 04:31:54.965 下午,100930.278323752
2023-03-10 04:31:55.064 下午,100930.510848585
2023-03-10 04:31:55.163 下午,100930.368750076
2023-03-10 04:31:55.263 下午,100930.097471103
2023-03-10 04:31:55.362 下午,100929.412814649
2023-03-10 04:31:55.461 下午,100929.025273259
2023-03-10 04:31:55.561 下午,100928.624813823
2023-03-10 04:31:55.660 下午,100928.573141638
2023-03-10 04:31:55.759 下午,100928.624813823
2023-03-10 04:31:55.859 下午,100928.611895777
2023-03-10 04:31:55.958 下午,100928.327698758
2023-03-10 04:31:56.057 下午,100928.39228899
2023-03-10 04:31:56.157 下午,100927.90140323
2023-03-10 04:31:56.256 下午,100927.798058859
2023-03-10 04:31:56.355 下午,100928.366452897
2023-03-10 04:31:56.455 下午,100927.953075415
2023-03-10 04:31:56.554 下午,100927.51386184
2023-03-10 04:31:56.653 下午,100926.855041478
2023-03-10 04:31:56.753 下午,100926.18330307
2023-03-10 04:31:56.852 下午,100925.627827078
2023-03-10 04:31:56.951 下午,100925.79576168
2023-03-10 04:31:57.051 下午,100925.653663171
2023-03-10 04:31:57.150 下午,100925.253203735
2023-03-10 04:31:57.249 下午,100925.240285689
2023-03-10 04:31:57.349 下午,100924.801072114
2023-03-10 04:31:57.448 下午,100924.620219465
2023-03-10 04:31:57.547 下午,100924.232678076
2023-03-10 04:31:57.647 下午,100923.883890826
2023-03-10 04:31:57.746 下午,100923.405923112
2023-03-10 04:31:57.845 下午,100922.74710275
2023-03-10 04:31:57.945 下午,100922.966709537
2023-03-10 04:31:58.044 下午,100922.60500424
2023-03-10 04:31:58.143 下午,100922.579168148
2023-03-10 04:31:58.243 下午,100922.772938842
2023-03-10 04:31:58.342 下午,100922.669594472
2023-03-10 04:31:58.441 下午,100922.023692156
2023-03-10 04:31:58.541 下午,100921.494052257
2023-03-10 04:31:58.640 下午,100921.584478581
2023-03-10 04:31:58.739 下午,100921.455298118
2023-03-10 04:31:58.839 下午,100922.023692156
2023-03-10 04:31:58.938 下午,100922.514577916
2023-03-10 04:31:59.037 下午,100922.385397453
2023-03-10 04:31:59.137 下午,100922.385397453
2023-03-10 04:31:59.236 下午,100922.023692156
2023-03-10 04:31:59.335 下午,100922.11411848
2023-03-10 04:31:59.435 下午,100921.778249276
2023-03-10 04:31:59.534 下午,100920.861067988
2023-03-10 04:31:59.633 下午,100920.29267395
2023-03-10 04:31:59.733 下午,100919.698443819
2023-03-10 04:31:59.832 下午,100919.4142468
2023-03-10 04:31:59.931 下午,100919.000869318
2023-03-10 04:32:00.031 下午,100919.453000939
2023-03-10 04:32:00.130 下午,100919.013787365
2023-03-10 04:32:00.229 下午,100918.82001667
2023-03-10 04:32:00.329 下午,100918.949197133
2023-03-10 04:32:00.428 下午,100918.471229419
2023-03-10 04:32:00.527 下午,100917.851163196
2023-03-10 04:32:00.627 下午,100918.122442169
2023-03-10 04:32:00.726 下午,100918.316212864
2023-03-10 04:32:00.825 下午,100918.484147466
2023-03-10 04:32:00.925 下午,100919.06545955
2023-03-10 04:32:01.024 下午,100917.876999289
2023-03-10 04:32:01.123 下午,100917.166506741
2023-03-10 04:32:01.223 下午,100916.481850287
2023-03-10 04:32:01.322 下午,100915.603423137
2023-03-10 04:32:01.421 下午,100916.22348936
2023-03-10 04:32:01.521 下午,100916.094308897
2023-03-10 04:32:01.620 下午,100915.887620156
2023-03-10 04:32:01.719 下午,100915.952210388
2023-03-10 04:32:01.819 下午,100915.319226118
2023-03-10 04:32:01.918 下午,100914.99627496
2023-03-10 04:32:02.017 下午,100914.828340358
2023-03-10 04:32:02.117 下午,100914.634569664
2023-03-10 04:32:02.216 下午,100914.518307247
2023-03-10 04:32:02.315 下午,100914.569979432
2023-03-10 04:32:02.415 下午,100914.608733571
2023-03-10 04:32:02.514 下午,100914.117847811
2023-03-10 04:32:02.613 下午,100913.730306422
2023-03-10 04:32:02.713 下午,100912.632272485
2023-03-10 04:32:02.812 下午,100911.805517521
2023-03-10 04:32:02.911 下午,100912.322239373
2023-03-10 04:32:03.011 下午,100912.050960401
2023-03-10 04:32:03.110 下午,100912.516010068
2023-03-10 04:32:03.209 下午,100912.851879272
2023-03-10 04:32:03.309 下午,100912.425583744
2023-03-10 04:32:03.408 下午,100912.968141689
2023-03-10 04:32:03.507 下午,100913.355683078
2023-03-10 04:32:03.607 下午,100913.213584569
2023-03-10 04:32:03.706 下午,100913.148994337
2023-03-10 04:32:03.805 下午,100913.161912384
2023-03-10 04:32:03.905 下午,100912.619354438
2023-03-10 04:32:04.004 下午,100911.999288215
2023-03-10 04:32:04.103 下午,100911.250041529
2023-03-10 04:32:04.203 下午,100910.875418186
2023-03-10 04:32:04.302 下午,100910.436204611
2023-03-10 04:32:04.401 下午,100910.823746001
2023-03-10 04:32:04.501 下午,100911.676337057
2023-03-10 04:32:04.600 下午,100911.650500965
2023-03-10 04:32:04.699 下午,100912.038042354
2023-03-10 04:32:04.799 下午,100912.025124308
2023-03-10 04:32:04.898 下午,100911.095024973
2023-03-10 04:32:04.997 下午,100910.629975306
2023-03-10 04:32:05.097 下午,100910.681647491
2023-03-10 04:32:05.196 下午,100910.810827954
2023-03-10 04:32:05.295 下午,100910.862500139
2023-03-10 04:32:05.395 下午,100910.177843685
2023-03-10 04:32:05.494 下午,100909.170236072
2023-03-10 04:32:05.593 下午,100907.361709588
2023-03-10 04:32:05.693 下午,100907.155020847
2023-03-10 04:32:05.792 下午,100907.645906607
2023-03-10 04:32:05.891 下午,100907.594234422
2023-03-10 04:32:05.991 下午,100908.420989386
2023-03-10 04:32:06.090 下午,100908.240136737
2023-03-10 04:32:06.189 下午,100907.271283264
2023-03-10 04:32:06.289 下午,100906.677053133
2023-03-10 04:32:06.388 下午,100905.992396679
2023-03-10 04:32:06.487 下午,100905.656527474
2023-03-10 04:32:06.587 下午,100905.256068039
2023-03-10 04:32:06.686 下午,100905.540265057
2023-03-10 04:32:06.785 下午,100905.772789891
2023-03-10 04:32:06.885 下午,100905.70819966
2023-03-10 04:32:06.984 下午,100906.121577142
2023-03-10 04:32:07.083 下午,100905.746953799
2023-03-10 04:32:07.183 下午,100905.591937243
2023-03-10 04:32:07.282 下午,100905.023543205
2023-03-10 04:32:07.381 下午,100904.571411584
2023-03-10 04:32:07.481 下午,100903.873837083
2023-03-10 04:32:07.580 下午,100903.84800099
2023-03-10 04:32:07.679 下午,100904.390558935
2023-03-10 04:32:07.779 下午,100904.82977251
2023-03-10 04:32:07.878 下午,100905.049379298
2023-03-10 04:32:07.977 下午,100905.010625159
2023-03-10 04:32:08.077 下午,100903.731738573
2023-03-10 04:32:08.176 下午,100902.530360266
2023-03-10 04:32:08.275 下午,100902.879147516
2023-03-10 04:32:08.375 下午,100902.439933942
2023-03-10 04:32:08.474 下午,100902.7628851
2023-03-10 04:32:08.573 下午,100903.951345361
2023-03-10 04:32:08.673 下午,100903.382951323
2023-03-10 04:32:08.772 下午,100903.60255811
2023-03-10 04:32:08.871 下午,100903.822164898
2023-03-10 04:32:08.971 下午,100903.589640064
2023-03-10 04:32:09.070 下午,100903.731738573
2023-03-10 04:32:09.169 下午,100902.814557285
2023-03-10 04:32:09.269 下午,100902.969573841
2023-03-10 04:32:09.368 下午,100902.142818877
2023-03-10 04:32:09.467 下午,100901.949048182
2023-03-10 04:32:09.567 下午,100901.832785765
2023-03-10 04:32:09.666 下午,100901.04478494
2023-03-10 04:32:09.765 下午,100901.199801495
2023-03-10 04:32:09.865 下午,100901.29022782
2023-03-10 04:32:09.964 下午,100900.967276662
2023-03-10 04:32:10.063 下午,100900.863932291
2023-03-10 04:32:10.163 下午,100899.597963752
2023-03-10 04:32:10.262 下午,100898.952061437
2023-03-10 04:32:10.361 下午,100898.822880973
2023-03-10 04:32:10.461 下午,100898.267404982
2023-03-10 04:32:10.560 下午,100898.667864418
2023-03-10 04:32:10.659 下午,100898.822880973
2023-03-10 04:32:10.759 下午,100898.926225344
2023-03-10 04:32:10.858 下午,100899.352520872
2023-03-10 04:32:10.957 下午,100899.701308123
2023-03-10 04:32:11.057 下午,100898.977897529
2023-03-10 04:32:11.156 下午,100898.861635112
2023-03-10 04:32:11.255 下午,100898.874553159
2023-03-10 04:32:11.355 下午,100898.525765908
2023-03-10 04:32:11.454 下午,100898.964979483
2023-03-10 04:32:11.553 下午,100898.654946371
2023-03-10 04:32:11.653 下午,100897.944453824
2023-03-10 04:32:11.752 下午,100897.556912435
2023-03-10 04:32:11.851 下午,100897.143534952
2023-03-10 04:32:11.951 下午,100897.388977832
2023-03-10 04:32:12.050 下午,100897.699010944
2023-03-10 04:32:12.149 下午,100898.047798194
2023-03-10 04:32:12.249 下午,100897.802355314
2023-03-10 04:32:12.348 下午,100897.543994388
2023-03-10 04:32:12.447 下午,100897.208125184
2023-03-10 04:32:12.547 下午,100896.575140915
2023-03-10 04:32:12.646 下午,100896.536386776
2023-03-10 04:32:12.745 下午,100896.781829656
2023-03-10 04:32:12.845 下午,100896.433042405
2023-03-10 04:32:12.944 下午,100896.23927171
2023-03-10 04:32:13.043 下午,100896.536386776
2023-03-10 04:32:13.143 下午,100896.329698035
2023-03-10 04:32:13.242 下午,100896.665567239
2023-03-10 04:32:13.341 下午,100896.898092072
2023-03-10 04:32:13.441 下午,100896.226353664
2023-03-10 04:32:13.540 下午,100896.213435618
2023-03-10 04:32:13.639 下午,100895.64504158
2023-03-10 04:32:13.739 下午,100896.045501016
2023-03-10 04:32:13.838 下午,100895.89048446
2023-03-10 04:32:13.937 下午,100895.167073866
2023-03-10 04:32:14.037 下午,100895.244582144
2023-03-10 04:32:14.136 下午,100893.901105327
2023-03-10 04:32:14.235 下午,100894.069039929
2023-03-10 04:32:14.335 下午,100893.384383475
2023-03-10 04:32:14.434 下午,100893.074350363
2023-03-10 04:32:14.533 下午,100893.53940003
2023-03-10 04:32:14.633 下午,100893.113104502
2023-03-10 04:32:14.732 下午,100893.242284965
2023-03-10 04:32:14.831 下午,100893.126022548
2023-03-10 04:32:14.931 下午,100892.815989437
2023-03-10 04:32:15.030 下午,100892.867661622
2023-03-10 04:32:15.129 下午,100892.686808974
2023-03-10 04:32:15.229 下午,100892.828907483
2023-03-10 04:32:15.328 下午,100892.195923214
2023-03-10 04:32:15.427 下午,100891.265823879
2023-03-10 04:32:15.527 下午,100891.692119407
2023-03-10 04:32:15.626 下午,100891.201233647
2023-03-10 04:32:15.725 下午,100891.072053184
2023-03-10 04:32:15.825 下午,100891.252905833
2023-03-10 04:32:15.924 下午,100890.426150868
2023-03-10 04:32:16.023 下午,100890.232380174
2023-03-10 04:32:16.123 下午,100890.271134313
2023-03-10 04:32:16.222 下午,100889.922347062
2023-03-10 04:32:16.321 下午,100889.922347062
2023-03-10 04:32:16.421 下午,100890.051527525
2023-03-10 04:32:16.520 下午,100890.141953849
2023-03-10 04:32:16.619 下午,100890.141953849
2023-03-10 04:32:16.719 下午,100889.831920738
2023-03-10 04:32:16.818 下午,100889.173100376
2023-03-10 04:32:16.917 下午,100888.720968755
2023-03-10 04:32:17.017 下午,100888.759722894
2023-03-10 04:32:17.116 下午,100888.656378523
2023-03-10 04:32:17.215 下午,100888.914739449
2023-03-10 04:32:17.315 下午,100888.87598531
2023-03-10 04:32:17.414 下午,100888.733886801
2023-03-10 04:32:17.513 下午,100889.005165774
2023-03-10 04:32:17.613 下午,100888.63054243
2023-03-10 04:32:17.712 下午,100888.77264094
2023-03-10 04:32:17.811 下午,100888.953493588
2023-03-10 04:32:17.911 下午,100888.126738624
2023-03-10 04:32:18.010 下午,100887.442082169
2023-03-10 04:32:18.109 下午,100886.628245252
2023-03-10 04:32:18.209 下午,100886.176113631
2023-03-10 04:32:18.308 下午,100886.783261807
2023-03-10 04:32:18.407 下午,100887.390409984
2023-03-10 04:32:18.507 下午,100888.178410809
2023-03-10 04:32:18.606 下午,100887.855459652
2023-03-10 04:32:18.705 下午,100887.170803197
2023-03-10 04:32:18.805 下午,100886.31821214
2023-03-10 04:32:18.904 下午,100884.858472906
2023-03-10 04:32:19.003 下午,100884.625948073
2023-03-10 04:32:19.103 下午,100884.638866119
2023-03-10 04:32:19.202 下午,100884.716374397
2023-03-10 04:32:19.301 下午,100885.103915786
2023-03-10 04:32:19.401 下午,100885.103915786
2023-03-10 04:32:19.500 下午,100884.832636814
2023-03-10 04:32:19.599 下午,100885.065161647
2023-03-10 04:32:19.699 下午,100885.103915786
2023-03-10 04:32:19.798 下午,100884.535521748
2023-03-10 04:32:19.897 下午,100884.677620258
2023-03-10 04:32:19.997 下午,100884.199652544
2023-03-10 04:32:20.096 下午,100883.76043897
2023-03-10 04:32:20.195 下午,100883.941291618
2023-03-10 04:32:20.295 下午,100883.928373572
2023-03-10 04:32:20.394 下午,100883.540832182
2023-03-10 04:32:20.493 下午,100883.166208839
2023-03-10 04:32:20.593 下午,100883.321225395
2023-03-10 04:32:20.692 下午,100883.398733673
2023-03-10 04:32:20.791 下午,100883.76043897
2023-03-10 04:32:20.891 下午,100884.703456351
2023-03-10 04:32:20.990 下午,100884.031717942
2023-03-10 04:32:21.089 下午,100884.031717942
2023-03-10 04:32:21.189 下午,100884.147980359
2023-03-10 04:32:21.288 下午,100883.540832182
2023-03-10 04:32:21.387 下午,100883.295389302
2023-03-10 04:32:21.487 下午,100882.28778169
2023-03-10 04:32:21.586 下午,100882.14568318
2023-03-10 04:32:21.685 下午,100882.378208014
2023-03-10 04:32:21.785 下午,100882.998274237
2023-03-10 04:32:21.884 下午,100882.804503542
2023-03-10 04:32:21.983 下午,100882.623650894
2023-03-10 04:32:22.083 下午,100882.249027551
2023-03-10 04:32:22.182 下午,100882.339453875
2023-03-10 04:32:22.281 下午,100882.442798245
2023-03-10 04:32:22.381 下午,100881.706469605
2023-03-10 04:32:22.480 下午,100881.344764309
2023-03-10 04:32:22.579 下午,100880.853878549
2023-03-10 04:32:22.679 下午,100880.6730259
2023-03-10 04:32:22.778 下午,100880.440501066
2023-03-10 04:32:22.877 下午,100880.285484511
2023-03-10 04:32:22.977 下午,100880.492173252
2023-03-10 04:32:23.076 下午,100880.724698085
2023-03-10 04:32:23.175 下午,100880.879714641
2023-03-10 04:32:23.275 下午,100880.556763483
2023-03-10 04:32:23.374 下午,100879.794598751
2023-03-10 04:32:23.473 下午,100879.704172426
2023-03-10 04:32:23.573 下午,100880.07879577
2023-03-10 04:32:23.672 下午,100880.169222094
2023-03-10 04:32:23.771 下午,100880.285484511
2023-03-10 04:32:23.871 下午,100880.052959677
2023-03-10 04:32:23.970 下午,100879.639582195
2023-03-10 04:32:24.069 下午,100879.549155871
2023-03-10 04:32:24.169 下午,100878.722400906
2023-03-10 04:32:24.268 下午,100878.321941471
2023-03-10 04:32:24.367 下午,100878.192761008
2023-03-10 04:32:24.467 下午,100877.921482035
2023-03-10 04:32:24.566 下午,100878.321941471
2023-03-10 04:32:24.665 下午,100878.657810675
2023-03-10 04:32:24.765 下午,100878.774073092
2023-03-10 04:32:24.864 下午,100879.109942296
2023-03-10 04:32:24.963 下午,100878.864499416
2023-03-10 04:32:25.063 下午,100878.877417462
2023-03-10 04:32:25.162 下午,100878.46403998
2023-03-10 04:32:25.261 下午,100878.244433193
2023-03-10 04:32:25.361 下午,100878.812827231
2023-03-10 04:32:25.460 下午,100878.102334683
2023-03-10 04:32:25.559 下午,100877.663121109
2023-03-10 04:32:25.659 下午,100877.210989488
2023-03-10 04:32:25.758 下午,100876.461742801
2023-03-10 04:32:25.857 下午,100876.332562338
2023-03-10 04:32:25.957 下午,100876.590923264
2023-03-10 04:32:26.056 下午,100877.043054885
2023-03-10 04:32:26.155 下午,100876.823448098
2023-03-10 04:32:26.255 下午,100877.004300747
2023-03-10 04:32:26.354 下午,100877.391842136
2023-03-10 04:32:26.453 下午,100876.190463829
2023-03-10 04:32:26.553 下午,100876.242136014
2023-03-10 04:32:26.652 下午,100876.100037504
2023-03-10 04:32:26.751 下午,100875.738332208
2023-03-10 04:32:26.851 下午,100876.190463829
2023-03-10 04:32:26.950 下午,100876.371316477
2023-03-10 04:32:27.049 下午,100875.880430717
2023-03-10 04:32:27.149 下午,100875.402463003
2023-03-10 04:32:27.248 下午,100875.467053235
2023-03-10 04:32:27.347 下午,100875.350790818
2023-03-10 04:32:27.447 下午,100875.557479559
2023-03-10 04:32:27.546 下午,100875.583315652
2023-03-10 04:32:27.645 下午,100875.195774262
2023-03-10 04:32:27.745 下午,100874.834068966
2023-03-10 04:32:27.844 下午,100874.666134363
2023-03-10 04:32:27.943 下午,100874.575708039
2023-03-10 04:32:28.043 下午,100874.511117808
2023-03-10 04:32:28.142 下午,100874.369019298
2023-03-10 04:32:28.241 下午,100874.136494464
2023-03-10 04:32:28.341 下午,100874.020232048
2023-03-10 04:32:28.440 下午,100874.381937344
2023-03-10 04:32:28.539 下午,100874.756560688
2023-03-10 04:32:28.639 下午,100874.511117808
2023-03-10 04:32:28.738 下午,100874.29151102
2023-03-10 04:32:28.837 下午,100873.787707214
2023-03-10 04:32:28.937 下午,100872.999706389
2023-03-10 04:32:29.036 下午,100873.593936519
2023-03-10 04:32:29.135 下午,100873.245149269
2023-03-10 04:32:29.235 下午,100873.593936519
2023-03-10 04:32:29.334 下午,100874.084822279
2023-03-10 04:32:29.433 下午,100873.438919963
2023-03-10 04:32:29.533 下午,100873.516428241
2023-03-10 04:32:29.632 下午,100872.805935694
2023-03-10 04:32:29.731 下午,100872.857607879
2023-03-10 04:32:29.831 下午,100872.948034203
2023-03-10 04:32:29.930 下午,100873.141804898
2023-03-10 04:32:30.029 下午,100873.258067315
2023-03-10 04:32:30.129 下午,100872.81885374
2023-03-10 04:32:30.228 下午,100872.560492814
2023-03-10 04:32:30.327 下午,100871.927508545
2023-03-10 04:32:30.427 下午,100872.095443147
2023-03-10 04:32:30.526 下午,100872.069607054
2023-03-10 04:32:30.625 下午,100872.147115332
2023-03-10 04:32:30.725 下午,100872.185869471
2023-03-10 04:32:30.824 下午,100871.59163934
2023-03-10 04:32:30.923 下午,100870.958655071
2023-03-10 04:32:31.023 下午,100870.958655071
2023-03-10 04:32:31.122 下午,100870.519441496
2023-03-10 04:32:31.221 下午,100870.467769311
2023-03-10 04:32:31.321 下午,100870.429015172
2023-03-10 04:32:31.420 下午,100869.731440671
2023-03-10 04:32:31.519 下午,100869.511833884
2023-03-10 04:32:31.619 下午,100868.969275938
2023-03-10 04:32:31.718 下午,100869.124292494
2023-03-10 04:32:31.817 下午,100869.008030077
2023-03-10 04:32:31.917 下午,100869.020948124
2023-03-10 04:32:32.016 下午,100869.343899281
2023-03-10 04:32:32.115 下午,100869.008030077
2023-03-10 04:32:32.215 下午,100868.969275938
2023-03-10 04:32:32.314 下午,100869.046784216
2023-03-10 04:32:32.413 下午,100869.408489513
2023-03-10 04:32:32.513 下午,100869.641014347
2023-03-10 04:32:32.612 下午,100869.511833884
2023-03-10 04:32:32.711 下午,100869.343899281
2023-03-10 04:32:32.810 下午,100868.323373623
2023-03-10 04:32:32.910 下午,100867.690389353
2023-03-10 04:32:33.009 下午,100868.090848789
2023-03-10 04:32:33.108 下午,100868.090848789
2023-03-10 04:32:33.208 下午,100868.620488688
2023-03-10 04:32:33.307 下午,100869.214718818
2023-03-10 04:32:33.406 下午,100869.008030077
2023-03-10 04:32:33.506 下午,100868.827177429
2023-03-10 04:32:33.605 下午,100868.853013521
2023-03-10 04:32:33.704 下午,100868.026258557
2023-03-10 04:32:33.804 下午,100867.587044983
2023-03-10 04:32:33.903 下午,100867.599963029
2023-03-10 04:32:34.002 下午,100867.509536705
2023-03-10 04:32:34.102 下午,100868.026258557
2023-03-10 04:32:34.201 下午,100867.974586372
2023-03-10 04:32:34.300 下午,100867.690389353
2023-03-10 04:32:34.400 下午,100866.773208065
2023-03-10 04:32:34.499 下午,100865.9464531
2023-03-10 04:32:34.598 下午,100865.584747804
2023-03-10 04:32:34.698 下午,100865.016353766
2023-03-10 04:32:34.797 下午,100864.86133721
2023-03-10 04:32:34.896 下午,100865.45556734
2023-03-10 04:32:34.996 下午,100865.313468831
2023-03-10 04:32:35.095 下午,100865.442649294
2023-03-10 04:32:35.194 下午,100865.649338035
2023-03-10 04:32:35.294 下午,100864.900091349
2023-03-10 04:32:35.393 下午,100864.628812376
2023-03-10 04:32:35.492 下午,100865.003435719
2023-03-10 04:32:35.592 下午,100864.913009395
2023-03-10 04:32:35.691 下午,100864.460877774
2023-03-10 04:32:35.790 下午,100864.435041682
2023-03-10 04:32:35.890 下午,100864.538386052
2023-03-10 04:32:35.989 下午,100864.267107079
2023-03-10 04:32:36.088 下午,100864.137926616
2023-03-10 04:32:36.188 下午,100864.318779265
2023-03-10 04:32:36.287 下午,100863.711631088
2023-03-10 04:32:36.386 下午,100863.63412281
2023-03-10 04:32:36.486 下午,100863.750385227
2023-03-10 04:32:36.585 下午,100863.337007745
2023-03-10 04:32:36.684 下午,100862.807367846
2023-03-10 04:32:36.784 下午,100863.401597976
2023-03-10 04:32:36.883 下午,100863.827893505
2023-03-10 04:32:36.982 下午,100864.047500292
2023-03-10 04:32:37.082 下午,100863.957073968
2023-03-10 04:32:37.181 下午,100863.647040856
2023-03-10 04:32:37.280 下午,100862.871958077
2023-03-10 04:32:37.380 下午,100862.626515197
2023-03-10 04:32:37.479 下午,100862.484416688
2023-03-10 04:32:37.578 下午,100862.071039206
2023-03-10 04:32:37.678 下午,100862.329400132
2023-03-10 04:32:37.777 下午,100862.135629437
2023-03-10 04:32:37.876 下午,100862.523170827
2023-03-10 04:32:37.976 下午,100862.174383576
2023-03-10 04:32:38.075 下午,100861.761006094
2023-03-10 04:32:38.174 下午,100861.941858743
2023-03-10 04:32:38.274 下午,100861.450972983
2023-03-10 04:32:38.373 下午,100861.102185732
2023-03-10 04:32:38.472 下午,100861.593071492
2023-03-10 04:32:38.572 下午,100861.386382751
2023-03-10 04:32:38.671 下午,100860.973005269
2023-03-10 04:32:38.770 下午,100861.218448149
2023-03-10 04:32:38.870 下午,100860.947169176
2023-03-10 04:32:38.969 下午,100860.766316528
2023-03-10 04:32:39.068 下午,100861.735170002
2023-03-10 04:32:39.168 下午,100861.593071492
2023-03-10 04:32:39.267 下午,100860.856742852
2023-03-10 04:32:39.366 下午,100860.869660898
2023-03-10 04:32:39.466 下午,100859.84913524
2023-03-10 04:32:39.565 下午,100859.784545008
2023-03-10 04:32:39.664 下午,100860.469201463
2023-03-10 04:32:39.764 下午,100860.469201463
2023-03-10 04:32:39.863 下午,100861.128021825
2023-03-10 04:32:39.962 下午,100861.244284242
2023-03-10 04:32:40.062 下午,100861.115103778
2023-03-10 04:32:40.161 下午,100860.081660073
2023-03-10 04:32:40.260 下午,100859.21615097
2023-03-10 04:32:40.360 下午,100858.97070809
2023-03-10 04:32:40.459 下午,100858.466904284
2023-03-10 04:32:40.558 下午,100859.125724646
2023-03-10 04:32:40.658 下午,100859.022380275
2023-03-10 04:32:40.757 下午,100858.86736372
2023-03-10 04:32:40.856 下午,100859.061134414
2023-03-10 04:32:40.956 下午,100858.673593025
2023-03-10 04:32:41.055 下午,100858.86736372
2023-03-10 04:32:41.154 下午,100858.97070809
2023-03-10 04:32:41.254 下午,100858.286051635
2023-03-10 04:32:41.353 下午,100858.466904284
2023-03-10 04:32:41.452 下午,100857.795165875
2023-03-10 04:32:41.552 下午,100857.110509421
2023-03-10 04:32:41.651 下午,100857.808083922
2023-03-10 04:32:41.750 下午,100857.808083922
2023-03-10 04:32:41.850 下午,100858.053526802
2023-03-10 04:32:41.949 下午,100858.001854616
2023-03-10 04:32:42.048 下午,100857.74349369
2023-03-10 04:32:42.148 下午,100857.407624486
2023-03-10 04:32:42.247 下午,100857.782247829
2023-03-10 04:32:42.346 下午,100858.079362894
2023-03-10 04:32:42.446 下午,100857.808083922
2023-03-10 04:32:42.545 下午,100857.549722995
2023-03-10 04:32:42.644 下午,100856.722968031
2023-03-10 04:32:42.744 下午,100856.180410086
2023-03-10 04:32:42.843 下午,100856.128737901
2023-03-10 04:32:42.942 下午,100856.038311576
2023-03-10 04:32:43.042 下午,100856.51627929
2023-03-10 04:32:43.141 下午,100856.710049985
2023-03-10 04:32:43.240 下午,100856.51627929
2023-03-10 04:32:43.340 下午,100856.322508595
2023-03-10 04:32:43.439 下午,100856.038311576
2023-03-10 04:32:43.538 下午,100855.702442372
2023-03-10 04:32:43.638 下午,100855.754114558
2023-03-10 04:32:43.737 下午,100855.754114558
2023-03-10 04:32:43.836 下午,100855.211556612
2023-03-10 04:32:43.936 下午,100855.146966381
2023-03-10 04:32:44.035 下午,100854.811097176
2023-03-10 04:32:44.134 下午,100854.733588899
2023-03-10 04:32:44.234 下午,100854.707752806
2023-03-10 04:32:44.333 下午,100854.772343038
2023-03-10 04:32:44.432 下午,100854.630244528
2023-03-10 04:32:44.532 下午,100854.320211416
2023-03-10 04:32:44.631 下午,100854.333129463
2023-03-10 04:32:44.730 下午,100854.346047509
2023-03-10 04:32:44.830 下午,100853.945588073
2023-03-10 04:32:44.929 下午,100853.028406785
2023-03-10 04:32:45.028 下午,100852.24040596
2023-03-10 04:32:45.128 下午,100850.806502819
2023-03-10 04:32:45.227 下午,100851.103617884
2023-03-10 04:32:45.326 下午,100851.904536755
2023-03-10 04:32:45.426 下午,100852.576275164
2023-03-10 04:32:45.525 下午,100853.596800823
2023-03-10 04:32:45.624 下午,100852.73129172
2023-03-10 04:32:45.724 下午,100852.266242052
2023-03-10 04:32:45.823 下午,100851.542831459
2023-03-10 04:32:45.922 下午,100851.01319156
2023-03-10 04:32:46.022 下午,100851.026109606
2023-03-10 04:32:46.121 下午,100851.491159273
2023-03-10 04:32:46.220 下午,100851.710766061
2023-03-10 04:32:46.320 下午,100851.891618709
2023-03-10 04:32:46.419 下午,100851.99496308
2023-03-10 04:32:46.518 下午,100851.555749505
2023-03-10 04:32:46.618 下午,100851.697848014
2023-03-10 04:32:46.717 下午,100851.349060764
2023-03-10 04:32:46.816 下午,100851.50407732
2023-03-10 04:32:46.916 下午,100851.633257783
2023-03-10 04:32:47.015 下午,100851.297388579
2023-03-10 04:32:47.114 下午,100851.387814903
2023-03-10 04:32:47.214 下午,100850.728994541
2023-03-10 04:32:47.313 下午,100850.147682457
2023-03-10 04:32:47.412 下午,100850.238108781
2023-03-10 04:32:47.512 下午,100850.38020729
2023-03-10 04:32:47.611 下午,100850.483551661
2023-03-10 04:32:47.710 下午,100849.514698187
2023-03-10 04:32:47.810 下午,100848.623352991
2023-03-10 04:32:47.909 下午,100847.899942398
2023-03-10 04:32:48.008 下午,100847.564073193
2023-03-10 04:32:48.108 下午,100849.010894381
2023-03-10 04:32:48.207 下午,100849.992665901
2023-03-10 04:32:48.306 下午,100849.450107956
2023-03-10 04:32:48.406 下午,100850.483551661
2023-03-10 04:32:48.505 下午,100849.450107956
2023-03-10 04:32:48.604 下午,100848.248729648
2023-03-10 04:32:48.704 下午,100848.778369547
2023-03-10 04:32:48.803 下午,100847.861188259
2023-03-10 04:32:48.902 下午,100848.687943223
2023-03-10 04:32:49.002 下午,100849.39843577
2023-03-10 04:32:49.101 下午,100849.359681631
2023-03-10 04:32:49.200 下午,100848.868795871
2023-03-10 04:32:49.300 下午,100848.933386103
2023-03-10 04:32:49.399 下午,100848.390828158
2023-03-10 04:32:49.498 下午,100848.132467231
2023-03-10 04:32:49.598 下午,100847.92577849
2023-03-10 04:32:49.697 下午,100846.827744553
2023-03-10 04:32:49.796 下午,100846.569383627
2023-03-10 04:32:49.896 下午,100846.633973859
2023-03-10 04:32:49.995 下午,100846.336858794
2023-03-10 04:32:50.094 下午,100846.130170052
2023-03-10 04:32:50.194 下午,100845.6134482
2023-03-10 04:32:50.293 下午,100845.019218069
2023-03-10 04:32:50.392 下午,100844.773775189
2023-03-10 04:32:50.492 下午,100844.373315754
2023-03-10 04:32:50.591 下午,100844.127872874
2023-03-10 04:32:50.690 下午,100844.825447375
2023-03-10 04:32:50.790 下午,100845.355087274
2023-03-10 04:32:50.889 下午,100845.342169227
2023-03-10 04:32:50.988 下午,100845.781382802
2023-03-10 04:32:51.088 下午,100845.535939922
2023-03-10 04:32:51.187 下午,100845.161316579
2023-03-10 04:32:51.286 下午,100845.794300848
2023-03-10 04:32:51.386 下午,100846.000989589
2023-03-10 04:32:51.485 下午,100845.6134482
2023-03-10 04:32:51.584 下午,100845.548857968
2023-03-10 04:32:51.684 下午,100845.096726347
2023-03-10 04:32:51.783 下午,100845.316333135
2023-03-10 04:32:51.882 下午,100844.580004495
2023-03-10 04:32:51.982 下午,100845.290497042
2023-03-10 04:32:52.081 下午,100844.851283467
2023-03-10 04:32:52.180 下午,100844.424987939
2023-03-10 04:32:52.280 下午,100845.458431644
2023-03-10 04:32:52.379 下午,100845.212988764
2023-03-10 04:32:52.478 下午,100846.091415914
2023-03-10 04:32:52.578 下午,100845.923481311
2023-03-10 04:32:52.677 下午,100845.665120385
2023-03-10 04:32:52.776 下午,100845.12256244
2023-03-10 04:32:52.876 下午,100844.153708966
2023-03-10 04:32:52.975 下午,100843.50780665
2023-03-10 04:32:53.074 下午,100842.836068242
2023-03-10 04:32:53.174 下午,100842.474362945
2023-03-10 04:32:53.273 下午,100842.319346389
2023-03-10 04:32:53.372 下午,100842.616461455
2023-03-10 04:32:53.472 下午,100842.383936621
2023-03-10 04:32:53.571 下午,100842.616461455
2023-03-10 04:32:53.670 下午,100842.577707316
2023-03-10 04:32:53.770 下午,100842.900658474
2023-03-10 04:32:53.869 下午,100842.810232149
2023-03-10 04:32:53.968 下午,100842.022231324
2023-03-10 04:32:54.068 下午,100841.957641093
2023-03-10 04:32:54.167 下午,100841.893050861
2023-03-10 04:32:54.266 下午,100842.151411787
2023-03-10 04:32:54.366 下午,100842.629379501
2023-03-10 04:32:54.465 下午,100842.332264436
2023-03-10 04:32:54.564 下午,100841.699280166
2023-03-10 04:32:54.664 下午,100841.453837286
2023-03-10 04:32:54.763 下午,100841.143804175
2023-03-10 04:32:54.862 下午,100841.156722221
2023-03-10 04:32:54.962 下午,100840.56249209
2023-03-10 04:32:55.061 下午,100840.627082322
2023-03-10 04:32:55.160 下午,100840.575410137
2023-03-10 04:32:55.260 下午,100840.627082322
2023-03-10 04:32:55.359 下午,100841.105050036
2023-03-10 04:32:55.458 下午,100840.575410137
2023-03-10 04:32:55.558 下午,100840.032852192
2023-03-10 04:32:55.657 下午,100840.174950701
2023-03-10 04:32:55.756 下午,100839.516130339
2023-03-10 04:32:55.856 下午,100839.257769413
2023-03-10 04:32:55.955 下午,100839.412785968
2023-03-10 04:32:56.054 下午,100839.348195737
2023-03-10 04:32:56.154 下午,100839.748655173
2023-03-10 04:32:56.253 下午,100840.07160633
2023-03-10 04:32:56.352 下午,100839.606556663
2023-03-10 04:32:56.452 下午,100839.348195737
2023-03-10 04:32:56.551 下午,100839.464458154
2023-03-10 04:32:56.650 下午,100839.076916764
2023-03-10 04:32:56.750 下午,100839.503212293
2023-03-10 04:32:56.849 下午,100839.244851366
2023-03-10 04:32:56.948 下午,100838.883146069
2023-03-10 04:32:57.048 下午,100839.025244579
2023-03-10 04:32:57.147 下午,100838.908982162
2023-03-10 04:32:57.246 下午,100838.2501618
2023-03-10 04:32:57.346 下午,100838.030555013
2023-03-10 04:32:57.445 下午,100837.991800874
2023-03-10 04:32:57.544 下午,100837.733439947
2023-03-10 04:32:57.644 下午,100838.00471892
2023-03-10 04:32:57.743 下午,100838.056391105
2023-03-10 04:32:57.842 下午,100837.048783493
2023-03-10 04:32:57.942 下午,100837.552587299
2023-03-10 04:32:58.041 下午,100837.810948225
2023-03-10 04:32:58.140 下午,100837.410488789
2023-03-10 04:32:58.240 下午,100838.172653522
2023-03-10 04:32:58.339 下午,100837.733439947
2023-03-10 04:32:58.438 下午,100837.991800874
2023-03-10 04:32:58.538 下午,100838.573112958
2023-03-10 04:32:58.637 下午,100838.728129514
2023-03-10 04:32:58.736 下午,100838.573112958
2023-03-10 04:32:58.836 下午,100837.643013623
2023-03-10 04:32:58.935 下午,100836.958357168
2023-03-10 04:32:59.034 下午,100836.415799223
2023-03-10 04:32:59.134 下午,100836.28661876
2023-03-10 04:32:59.233 下午,100836.519143594
2023-03-10 04:32:59.332 下午,100837.061701539
2023-03-10 04:32:59.432 下午,100837.694685808
2023-03-10 04:32:59.531 下午,100837.991800874
2023-03-10 04:32:59.630 下午,100837.643013623
2023-03-10 04:32:59.730 下午,100837.358816604
2023-03-10 04:32:59.829 下午,100837.165045909
2023-03-10 04:32:59.928 下午,100836.687078196
2023-03-10 04:33:00.028 下午,100836.855012798
2023-03-10 04:33:00.127 下午,100836.725832335
2023-03-10 04:33:00.226 下午,100836.054093926
2023-03-10 04:33:00.326 下午,100835.69238863
2023-03-10 04:33:00.425 下午,100835.886159324
2023-03-10 04:33:00.524 下午,100834.968978036
2023-03-10 04:33:00.624 下午,100835.123994592
2023-03-10 04:33:00.723 下午,100835.356519425
2023-03-10 04:33:00.822 下午,100834.762289295
2023-03-10 04:33:00.922 下午,100835.175666777
2023-03-10 04:33:01.021 下午,100835.098158499
2023-03-10 04:33:01.120 下午,100834.775207341
2023-03-10 04:33:01.220 下午,100834.930223897
2023-03-10 04:33:01.319 下午,100834.684781017
2023-03-10 04:33:01.418 下午,100834.607272739
2023-03-10 04:33:01.518 下午,100834.904387804
2023-03-10 04:33:01.617 下午,100835.072322406
2023-03-10 04:33:01.716 下午,100835.317765286
2023-03-10 04:33:01.816 下午,100834.878551712
2023-03-10 04:33:01.915 下午,100834.000124562
2023-03-10 04:33:02.014 下午,100833.806353867
2023-03-10 04:33:02.114 下午,100833.418812478
2023-03-10 04:33:02.213 下午,100833.780517775
2023-03-10 04:33:02.312 下午,100834.775207341
2023-03-10 04:33:02.412 下午,100833.97428847
2023-03-10 04:33:02.511 下午,100834.051796747
2023-03-10 04:33:02.610 下午,100833.315468107
2023-03-10 04:33:02.710 下午,100832.178680032
2023-03-10 04:33:02.809 下午,100832.630811653
2023-03-10 04:33:02.908 下午,100832.385368773
2023-03-10 04:33:03.008 下午,100832.579139467
2023-03-10 04:33:03.107 下午,100832.579139467
2023-03-10 04:33:03.206 下午,100832.708319931
2023-03-10 04:33:03.306 下午,100832.721237977
2023-03-10 04:33:03.405 下午,100832.566221421
2023-03-10 04:33:03.504 下午,100832.759992116
2023-03-10 04:33:03.604 下午,100832.230352217
2023-03-10 04:33:03.703 下午,100832.152843939
2023-03-10 04:33:03.802 下午,100831.804056689
2023-03-10 04:33:03.902 下午,100831.713630364
2023-03-10 04:33:04.001 下午,100832.139925893
2023-03-10 04:33:04.100 下午,100831.946155198
2023-03-10 04:33:04.200 下午,100831.907401059
2023-03-10 04:33:04.299 下午,100832.152843939
2023-03-10 04:33:04.398 下午,100831.778220596
2023-03-10 04:33:04.498 下午,100831.196908512
2023-03-10 04:33:04.597 下午,100831.300252882
2023-03-10 04:33:04.696 下午,100830.912711493
2023-03-10 04:33:04.796 下午,100831.003137817
2023-03-10 04:33:04.895 下午,100831.003137817
2023-03-10 04:33:04.994 下午,100831.494023577
2023-03-10 04:33:05.094 下午,100831.119400234
2023-03-10 04:33:05.193 下午,100830.822285169
2023-03-10 04:33:05.292 下午,100831.02897391
2023-03-10 04:33:05.392 下午,100830.731858844
2023-03-10 04:33:05.491 下午,100831.248580697
2023-03-10 04:33:05.590 下午,100831.261498743
2023-03-10 04:33:05.690 下午,100831.261498743
2023-03-10 04:33:05.789 下午,100830.757694937
2023-03-10 04:33:05.888 下午,100829.698415139
2023-03-10 04:33:05.988 下午,100829.388382028
2023-03-10 04:33:06.087 下午,100829.246283518
2023-03-10 04:33:06.186 下午,100829.440054213
2023-03-10 04:33:06.286 下午,100830.15054676
2023-03-10 04:33:06.385 下午,100830.176382853
2023-03-10 04:33:06.484 下午,100829.698415139
2023-03-10 04:33:06.584 下午,100829.06543087
2023-03-10 04:33:06.683 下午,100827.980314979
2023-03-10 04:33:06.782 下午,100827.69611796
2023-03-10 04:33:06.882 下午,100828.639135341
2023-03-10 04:33:06.981 下午,100829.194611333
2023-03-10 04:33:07.080 下午,100829.827595602
2023-03-10 04:33:07.180 下午,100829.452972259
2023-03-10 04:33:07.279 下午,100828.92333236
2023-03-10 04:33:07.378 下午,100828.587463156
2023-03-10 04:33:07.478 下午,100828.4324466
2023-03-10 04:33:07.577 下午,100829.220447425
2023-03-10 04:33:07.676 下午,100829.220447425
2023-03-10 04:33:07.776 下午,100829.207529379
2023-03-10 04:33:07.875 下午,100829.104185009
2023-03-10 04:33:07.974 下午,100829.130021101
2023-03-10 04:33:08.074 下午,100828.975004545
2023-03-10 04:33:08.173 下午,100828.690807527
2023-03-10 04:33:08.272 下午,100829.104185009
2023-03-10 04:33:08.372 下午,100828.92333236
2023-03-10 04:33:08.471 下午,100828.535790971
2023-03-10 04:33:08.570 下午,100828.807069943
2023-03-10 04:33:08.670 下午,100828.768315804
2023-03-10 04:33:08.769 下午,100827.2052322
2023-03-10 04:33:08.868 下午,100826.95978932
2023-03-10 04:33:08.968 下午,100826.443067468
2023-03-10 04:33:09.067 下午,100825.215853068
2023-03-10 04:33:09.166 下午,100825.680902735
2023-03-10 04:33:09.266 下午,100825.926345615
2023-03-10 04:33:09.365 下午,100826.675592301
2023-03-10 04:33:09.464 下午,100827.34733071
2023-03-10 04:33:09.564 下午,100828.031987164
2023-03-10 04:33:09.663 下午,100828.122413489
2023-03-10 04:33:09.762 下午,100827.489429219
2023-03-10 04:33:09.862 下午,100827.566937497
2023-03-10 04:33:09.961 下午,100826.249296773
2023-03-10 04:33:10.060 下午,100826.003853893
2023-03-10 04:33:10.160 下午,100825.306279392
2023-03-10 04:33:10.259 下午,100825.022082373
2023-03-10 04:33:10.358 下午,100825.9780178
2023-03-10 04:33:10.458 下午,100825.642148596
2023-03-10 04:33:10.557 下午,100825.9780178
2023-03-10 04:33:10.656 下午,100826.300968958
2023-03-10 04:33:10.756 下午,100826.003853893
2023-03-10 04:33:10.855 下午,100826.572247931
2023-03-10 04:33:10.954 下午,100826.494739653
2023-03-10 04:33:11.054 下午,100826.12011631
2023-03-10 04:33:11.153 下午,100825.939263661
2023-03-10 04:33:11.252 下午,100825.409623762
2023-03-10 04:33:11.352 下午,100825.099590651
2023-03-10 04:33:11.451 下午,100824.724967308
2023-03-10 04:33:11.550 下午,100824.828311678
2023-03-10 04:33:11.650 下午,100824.272835687
2023-03-10 04:33:11.749 下午,100824.479524428
2023-03-10 04:33:11.848 下午,100824.608704891
2023-03-10 04:33:11.948 下午,100824.763721447
2023-03-10 04:33:12.047 下午,100825.306279392
2023-03-10 04:33:12.146 下午,100825.254607207
2023-03-10 04:33:12.246 下午,100824.815393632
2023-03-10 04:33:12.345 下午,100824.905819956
2023-03-10 04:33:12.444 下午,100824.854147771
2023-03-10 04:33:12.544 下午,100824.931656049
2023-03-10 04:33:12.643 下午,100824.957492141
2023-03-10 04:33:12.742 下午,100824.376180057
2023-03-10 04:33:12.842 下午,100824.285753733
2023-03-10 04:33:12.941 下午,100823.704441649
2023-03-10 04:33:13.040 下午,100823.355654398
2023-03-10 04:33:13.140 下午,100823.562343139
2023-03-10 04:33:13.239 下午,100823.226473935
2023-03-10 04:33:13.338 下午,100823.019785194
2023-03-10 04:33:13.438 下午,100823.368572445
2023-03-10 04:33:13.537 下午,100823.17480175
2023-03-10 04:33:13.636 下午,100823.471916815
2023-03-10 04:33:13.736 下午,100823.988638668
2023-03-10 04:33:13.835 下午,100824.001556714
2023-03-10 04:33:13.934 下午,100823.639851417
2023-03-10 04:33:14.034 下午,100823.213555889
2023-03-10 04:33:14.133 下午,100822.180112184
2023-03-10 04:33:14.232 下午,100822.038013674
2023-03-10 04:33:14.332 下午,100822.490145295
2023-03-10 04:33:14.431 下午,100822.580571619
2023-03-10 04:33:14.530 下午,100823.510670954
2023-03-10 04:33:14.630 下午,100823.898212343
2023-03-10 04:33:14.729 下午,100823.730277741
2023-03-10 04:33:14.828 下午,100823.355654398
2023-03-10 04:33:14.928 下午,100823.058539333
2023-03-10 04:33:15.027 下午,100822.528899434
2023-03-10 04:33:15.126 下午,100822.128439998
2023-03-10 04:33:15.226 下午,100821.585882053
2023-03-10 04:33:15.325 下午,100820.901225598
2023-03-10 04:33:15.424 下午,100820.784963181
2023-03-10 04:33:15.524 下午,100820.733290996
2023-03-10 04:33:15.623 下午,100820.72037295
2023-03-10 04:33:15.722 下午,100821.340439173
2023-03-10 04:33:15.822 下午,100820.927061691
2023-03-10 04:33:15.921 下午,100820.96581583
2023-03-10 04:33:16.020 下午,100820.978733876
2023-03-10 04:33:16.120 下午,100820.668700765
2023-03-10 04:33:16.219 下午,100821.275848941
2023-03-10 04:33:16.318 下午,100820.914143645
2023-03-10 04:33:16.418 下午,100821.21125871
2023-03-10 04:33:16.517 下午,100821.146668478
2023-03-10 04:33:16.616 下午,100820.397421792
2023-03-10 04:33:16.716 下午,100820.96581583
2023-03-10 04:33:16.815 下午,100821.082078247
2023-03-10 04:33:16.914 下午,100820.96581583
2023-03-10 04:33:17.014 下午,100820.927061691
2023-03-10 04:33:17.113 下午,100819.699847291
2023-03-10 04:33:17.212 下午,100819.299387855
2023-03-10 04:33:17.312 下午,100818.976436697
2023-03-10 04:33:17.411 下午,100818.718075771
2023-03-10 04:33:17.510 下午,100819.570666828
2023-03-10 04:33:17.610 下午,100819.363978087
2023-03-10 04:33:17.709 下午,100819.118535207
2023-03-10 04:33:17.808 下午,100819.467322457
2023-03-10 04:33:17.907 下午,100819.00227279
2023-03-10 04:33:18.007 下午,100819.028108883
2023-03-10 04:33:18.106 下午,100819.35106004
2023-03-10 04:33:18.205 下午,100818.834338188
2023-03-10 04:33:18.305 下午,100818.666403586
2023-03-10 04:33:18.404 下午,100818.679321632
2023-03-10 04:33:18.503 下午,100818.317616335
2023-03-10 04:33:18.603 下午,100818.253026104
2023-03-10 04:33:18.702 下午,100818.136763687
2023-03-10 04:33:18.801 下午,100818.227190011
2023-03-10 04:33:18.901 下午,100818.666403586
2023-03-10 04:33:19.000 下午,100818.834338188
2023-03-10 04:33:19.099 下午,100819.221879577
2023-03-10 04:33:19.199 下午,100819.312305901
2023-03-10 04:33:19.298 下午,100818.86017428
2023-03-10 04:33:19.397 下午,100818.36928852
2023-03-10 04:33:19.497 下午,100818.046337363
2023-03-10 04:33:19.596 下午,100817.87840276
2023-03-10 04:33:19.695 下午,100817.697550112
2023-03-10 04:33:19.795 下午,100817.852566668
2023-03-10 04:33:19.894 下午,100817.297090676
2023-03-10 04:33:19.993 下午,100816.780368824
2023-03-10 04:33:20.093 下午,100816.573680083
2023-03-10 04:33:20.192 下午,100816.522007897
2023-03-10 04:33:20.291 下午,100817.219582398
2023-03-10 04:33:20.391 下午,100817.749222297
2023-03-10 04:33:20.490 下午,100818.201353918
2023-03-10 04:33:20.589 下午,100818.085091501
2023-03-10 04:33:20.689 下午,100817.297090676
2023-03-10 04:33:20.788 下午,100816.819122963
2023-03-10 04:33:20.887 下午,100815.785679257
2023-03-10 04:33:20.987 下午,100815.863187535
2023-03-10 04:33:21.086 下午,100816.05695823
2023-03-10 04:33:21.185 下午,100816.418663527
2023-03-10 04:33:21.285 下午,100816.870795148
2023-03-10 04:33:21.384 下午,100816.392827434
2023-03-10 04:33:21.483 下午,100816.186138693
2023-03-10 04:33:21.583 下午,100815.798597304
2023-03-10 04:33:21.682 下午,100815.953613859
2023-03-10 04:33:21.781 下午,100816.379909388
2023-03-10 04:33:21.881 下午,100816.237810878
2023-03-10 04:33:21.980 下午,100815.953613859
2023-03-10 04:33:22.079 下午,100815.591908563
2023-03-10 04:33:22.179 下午,100815.152694988
2023-03-10 04:33:22.278 下午,100814.958924293
2023-03-10 04:33:22.377 下午,100815.101022803
2023-03-10 04:33:22.477 下午,100815.411055914
2023-03-10 04:33:22.576 下午,100815.798597304
2023-03-10 04:33:22.675 下午,100816.121548462
2023-03-10 04:33:22.775 下午,100816.224892832
2023-03-10 04:33:22.874 下午,100816.121548462
2023-03-10 04:33:22.973 下午,100815.294793497
2023-03-10 04:33:23.073 下午,100815.113940849
2023-03-10 04:33:23.172 下午,100814.480956579
2023-03-10 04:33:23.271 下午,100814.248431746
2023-03-10 04:33:23.371 下午,100814.183841514
2023-03-10 04:33:23.470 下午,100813.990070819
2023-03-10 04:33:23.569 下午,100813.951316681
2023-03-10 04:33:23.669 下午,100813.886726449
2023-03-10 04:33:23.768 下午,100814.235513699
2023-03-10 04:33:23.867 下午,100813.899644495
2023-03-10 04:33:23.967 下午,100813.84797231
2023-03-10 04:33:24.066 下午,100813.008299299
2023-03-10 04:33:24.165 下午,100812.37531503
2023-03-10 04:33:24.265 下午,100812.724102281
2023-03-10 04:33:24.364 下午,100812.737020327
2023-03-10 04:33:24.463 下午,100812.917872975
2023-03-10 04:33:24.563 下午,100813.395840689
2023-03-10 04:33:24.662 下午,100813.163315855
2023-03-10 04:33:24.761 下午,100813.214988041
2023-03-10 04:33:24.861 下午,100813.563775291
2023-03-10 04:33:24.960 下午,100813.421676782
2023-03-10 04:33:25.059 下午,100813.292496318
2023-03-10 04:33:25.159 下午,100813.395840689
2023-03-10 04:33:25.258 下午,100813.370004596
2023-03-10 04:33:25.357 下午,100813.835054264
2023-03-10 04:33:25.457 下午,100814.09341519
2023-03-10 04:33:25.556 下午,100813.499185059
2023-03-10 04:33:25.655 下午,100813.589611384
2023-03-10 04:33:25.755 下午,100812.762856419
2023-03-10 04:33:25.854 下午,100812.439905262
2023-03-10 04:33:25.953 下午,100812.181544335
2023-03-10 04:33:26.053 下午,100812.091118011
2023-03-10 04:33:26.152 下午,100812.194462382
2023-03-10 04:33:26.251 下午,100811.471051788
2023-03-10 04:33:26.351 下午,100811.703576622
2023-03-10 04:33:26.450 下午,100811.419379603
2023-03-10 04:33:26.549 下午,100810.967247982
2023-03-10 04:33:26.649 下午,100811.63898639
2023-03-10 04:33:26.748 下午,100811.496887881
2023-03-10 04:33:26.847 下午,100811.496887881
2023-03-10 04:33:26.947 下午,100811.548560066
2023-03-10 04:33:27.046 下午,100811.212690862
2023-03-10 04:33:27.145 下午,100811.406461556
2023-03-10 04:33:27.245 下午,100811.561478112
2023-03-10 04:33:27.344 下午,100811.716494668
2023-03-10 04:33:27.443 下午,100812.220298474
2023-03-10 04:33:27.543 下午,100812.569085725
2023-03-10 04:33:27.642 下午,100812.37531503
2023-03-10 04:33:27.741 下午,100812.478659401
2023-03-10 04:33:27.841 下午,100812.220298474
2023-03-10 04:33:27.940 下午,100811.587314205
2023-03-10 04:33:28.039 下午,100811.39354351
2023-03-10 04:33:28.139 下午,100811.031838213
2023-03-10 04:33:28.238 下午,100810.683050963
2023-03-10 04:33:28.337 下午,100810.385935897
2023-03-10 04:33:28.437 下午,100810.037148647
2023-03-10 04:33:28.536 下午,100809.907968184
2023-03-10 04:33:28.635 下午,100809.830459906
2023-03-10 04:33:28.735 下午,100809.791705767
2023-03-10 04:33:28.834 下午,100810.192165203
2023-03-10 04:33:28.933 下午,100810.243837388
2023-03-10 04:33:29.033 下午,100810.437608083
2023-03-10 04:33:29.132 下午,100810.515116361
2023-03-10 04:33:29.231 下午,100810.140493017
2023-03-10 04:33:29.331 下午,100810.153411064
2023-03-10 04:33:29.430 下午,100809.998394508
2023-03-10 04:33:29.529 下午,100810.295509573
2023-03-10 04:33:29.629 下午,100810.385935897
2023-03-10 04:33:29.728 下午,100810.786395333
2023-03-10 04:33:29.827 下午,100810.618460731
2023-03-10 04:33:29.927 下午,100809.959640369
2023-03-10 04:33:30.026 下午,100809.442918516
2023-03-10 04:33:30.125 下午,100808.719507923
2023-03-10 04:33:30.225 下午,100808.176949977
2023-03-10 04:33:30.324 下午,100808.138195839
2023-03-10 04:33:30.423 下午,100808.086523653
2023-03-10 04:33:30.523 下午,100808.241540209
2023-03-10 04:33:30.622 下午,100808.629081599
2023-03-10 04:33:30.721 下午,100808.319048487
2023-03-10 04:33:30.821 下午,100808.486983089
2023-03-10 04:33:30.920 下午,100808.086523653
2023-03-10 04:33:31.019 下午,100808.047769514
2023-03-10 04:33:31.119 下午,100808.086523653
2023-03-10 04:33:31.218 下午,100808.086523653
2023-03-10 04:33:31.317 下午,100808.538655274
2023-03-10 04:33:31.417 下午,100808.396556765
2023-03-10 04:33:31.516 下午,100808.874524479
2023-03-10 04:33:31.615 下午,100808.435310904
2023-03-10 04:33:31.715 下午,100808.629081599
2023-03-10 04:33:31.814 下午,100808.0994417
2023-03-10 04:33:31.913 下午,100807.85399882
2023-03-10 04:33:32.013 下午,100808.331966533
2023-03-10 04:33:32.112 下午,100807.802326634
2023-03-10 04:33:32.211 下午,100808.189868024
2023-03-10 04:33:32.311 下午,100807.85399882
2023-03-10 04:33:32.410 下午,100807.46645743
2023-03-10 04:33:32.509 下午,100807.130588226
2023-03-10 04:33:32.609 下午,100806.768882929
2023-03-10 04:33:32.708 下午,100807.208096504
2023-03-10 04:33:32.807 下午,100807.078916041
2023-03-10 04:33:32.907 下午,100807.014325809
2023-03-10 04:33:33.006 下午,100806.562194188
2023-03-10 04:33:33.105 下午,100805.102454954
2023-03-10 04:33:33.205 下午,100804.986192538
2023-03-10 04:33:33.304 下午,100804.624487241
2023-03-10 04:33:33.403 下午,100805.128291047
2023-03-10 04:33:33.503 下午,100806.252161076
2023-03-10 04:33:33.602 下午,100806.38134154
2023-03-10 04:33:33.701 下午,100806.588030281
2023-03-10 04:33:33.801 下午,100806.433013725
2023-03-10 04:33:33.900 下午,100805.851701641
2023-03-10 04:33:33.999 下午,100805.464160251
2023-03-10 04:33:34.099 下午,100805.309143695
2023-03-10 04:33:34.198 下午,100805.296225649
2023-03-10 04:33:34.297 下午,100805.606258761
2023-03-10 04:33:34.397 下午,100805.851701641
2023-03-10 04:33:34.496 下午,100805.980882104
2023-03-10 04:33:34.595 下午,100805.761275316
2023-03-10 04:33:34.695 下午,100805.205799325
2023-03-10 04:33:34.794 下午,100804.443634592
2023-03-10 04:33:34.893 下午,100804.185273666
2023-03-10 04:33:34.993 下午,100803.642715721
2023-03-10 04:33:35.092 下午,100803.810650323
2023-03-10 04:33:35.191 下午,100804.094847342
2023-03-10 04:33:35.291 下午,100803.733142045
2023-03-10 04:33:35.390 下午,100803.448945026
2023-03-10 04:33:35.489 下午,100803.655633767
2023-03-10 04:33:35.589 下午,100803.668551813
2023-03-10 04:33:35.688 下午,100804.27569999
2023-03-10 04:33:35.787 下午,100804.727831611
2023-03-10 04:33:35.887 下午,100803.797732277
2023-03-10 04:33:35.986 下午,100803.978584925
2023-03-10 04:33:36.085 下午,100803.268092378
2023-03-10 04:33:36.185 下午,100803.216420192
2023-03-10 04:33:36.284 下午,100803.862322508
2023-03-10 04:33:36.383 下午,100802.932223173
2023-03-10 04:33:36.483 下午,100803.306846517
2023-03-10 04:33:36.582 下午,100803.29392847
2023-03-10 04:33:36.681 下午,100803.203502146
2023-03-10 04:33:36.781 下午,100803.603961582
2023-03-10 04:33:36.880 下午,100803.513535258
2023-03-10 04:33:36.979 下午,100803.255174331
2023-03-10 04:33:37.079 下午,100803.009731451
2023-03-10 04:33:37.178 下午,100803.177666053
2023-03-10 04:33:37.277 下午,100803.255174331
2023-03-10 04:33:37.377 下午,100803.565207443
2023-03-10 04:33:37.476 下午,100803.397272841
2023-03-10 04:33:37.575 下午,100803.410190887
2023-03-10 04:33:37.675 下午,100802.880550988
2023-03-10 04:33:37.774 下午,100802.092550163
2023-03-10 04:33:37.873 下午,100802.157140394
2023-03-10 04:33:37.973 下午,100802.027959931
2023-03-10 04:33:38.072 下午,100802.247566719
2023-03-10 04:33:38.171 下午,100802.790124664
2023-03-10 04:33:38.271 下午,100802.635108108
2023-03-10 04:33:38.370 下午,100802.725534432
2023-03-10 04:33:38.469 下午,100802.635108108
2023-03-10 04:33:38.569 下午,100802.053796024
2023-03-10 04:33:38.668 下午,100802.105468209
2023-03-10 04:33:38.767 下午,100801.549992218
2023-03-10 04:33:38.867 下午,100801.562910264
2023-03-10 04:33:38.966 下午,100801.705008773
2023-03-10 04:33:39.065 下午,100801.601664403
2023-03-10 04:33:39.165 下午,100802.247566719
2023-03-10 04:33:39.264 下午,100802.247566719
2023-03-10 04:33:39.363 下午,100802.544681784
2023-03-10 04:33:39.463 下午,100802.712616386
2023-03-10 04:33:39.562 下午,100801.834189237
2023-03-10 04:33:39.661 下午,100801.860025329
2023-03-10 04:33:39.761 下午,100801.653336588
2023-03-10 04:33:39.860 下午,100801.343303477
2023-03-10 04:33:39.959 下午,100801.885861422
2023-03-10 04:33:40.059 下午,100801.756680959
2023-03-10 04:33:40.158 下午,100801.743762912
2023-03-10 04:33:40.257 下午,100801.588746357
2023-03-10 04:33:40.357 下午,100801.446647847
2023-03-10 04:33:40.456 下午,100801.343303477
2023-03-10 04:33:40.555 下午,100801.369139569
2023-03-10 04:33:40.655 下午,100801.511238079
2023-03-10 04:33:40.754 下午,100800.904089902
2023-03-10 04:33:40.853 下午,100800.671565068
2023-03-10 04:33:40.953 下午,100800.180679308
2023-03-10 04:33:41.052 下午,100799.961072521
2023-03-10 04:33:41.151 下午,100800.271105632
2023-03-10 04:33:41.251 下午,100800.219433447
2023-03-10 04:33:41.350 下午,100800.129007123
2023-03-10 04:33:41.449 下午,100800.193597355
2023-03-10 04:33:41.549 下午,100799.883564243
2023-03-10 04:33:41.648 下午,100800.581138744
2023-03-10 04:33:41.747 下午,100800.322777818
2023-03-10 04:33:41.847 下午,100800.296941725
2023-03-10 04:33:41.946 下午,100800.632810929
2023-03-10 04:33:42.045 下午,100799.560613085
2023-03-10 04:33:42.145 下午,100799.99982666
2023-03-10 04:33:42.244 下午,100800.141925169
2023-03-10 04:33:42.343 下午,100799.496022853
2023-03-10 04:33:42.443 下午,100799.302252159
2023-03-10 04:33:42.542 下午,100798.863038584
2023-03-10 04:33:42.641 下午,100798.320480639
2023-03-10 04:33:42.741 下午,100798.049201666
2023-03-10 04:33:42.840 下午,100798.708022028
2023-03-10 04:33:42.939 下午,100798.837202491
2023-03-10 04:33:43.039 下午,100798.863038584
2023-03-10 04:33:43.138 下午,100799.470186761
2023-03-10 04:33:43.237 下午,100799.521858946
2023-03-10 04:33:43.337 下午,100799.353924344
2023-03-10 04:33:43.436 下午,100799.444350668
2023-03-10 04:33:43.535 下午,100799.147235603
2023-03-10 04:33:43.635 下午,100798.372152824
2023-03-10 04:33:43.734 下午,100798.191300176
2023-03-10 04:33:43.833 下午,100798.2817265
2023-03-10 04:33:43.933 下午,100797.932939249
2023-03-10 04:33:44.032 下午,100798.191300176
2023-03-10 04:33:44.131 下午,100798.13962799
2023-03-10 04:33:44.231 下午,100797.519561767
2023-03-10 04:33:44.330 下午,100797.687496369
2023-03-10 04:33:44.429 下午,100797.855430971
2023-03-10 04:33:44.529 下午,100797.932939249
2023-03-10 04:33:44.628 下午,100797.467889582
2023-03-10 04:33:44.727 下午,100797.015757961
2023-03-10 04:33:44.827 下午,100796.292347367
2023-03-10 04:33:44.926 下午,100796.059822534
2023-03-10 04:33:45.025 下午,100796.834905312
2023-03-10 04:33:45.125 下午,100797.248282795
2023-03-10 04:33:45.224 下午,100797.222446702
2023-03-10 04:33:45.323 下午,100797.170774517
2023-03-10 04:33:45.423 下午,100796.80906922
2023-03-10 04:33:45.522 下午,100796.382773691
2023-03-10 04:33:45.621 下午,100796.369855645
2023-03-10 04:33:45.721 下午,100796.31818346
2023-03-10 04:33:45.820 下午,100796.473200016
2023-03-10 04:33:45.919 下午,100796.524872201
2023-03-10 04:33:46.019 下午,100796.576544386
2023-03-10 04:33:46.118 下午,100796.524872201
2023-03-10 04:33:46.217 下午,100796.382773691
2023-03-10 04:33:46.317 下午,100796.17608495
2023-03-10 04:33:46.416 下午,100796.42152783
2023-03-10 04:33:46.515 下午,100796.033986441
2023-03-10 04:33:46.615 下午,100795.568936774
2023-03-10 04:33:46.714 下午,100795.207231477
2023-03-10 04:33:46.813 下午,100794.806772041
2023-03-10 04:33:46.913 下午,100795.078051014
2023-03-10 04:33:47.012 下午,100794.871362273
2023-03-10 04:33:47.111 下午,100795.504346542
2023-03-10 04:33:47.211 下午,100795.594772866
2023-03-10 04:33:47.310 下午,100795.801461607
2023-03-10 04:33:47.409 下午,100795.93064207
2023-03-10 04:33:47.509 下午,100795.801461607
2023-03-10 04:33:47.608 下午,100794.935952504
2023-03-10 04:33:47.707 下午,100795.000542736
2023-03-10 04:33:47.807 下午,100795.271821708
2023-03-10 04:33:47.906 下午,100795.43975631
2023-03-10 04:33:48.005 下午,100796.085658626
2023-03-10 04:33:48.105 下午,100795.607690912
2023-03-10 04:33:48.204 下午,100795.620608959
2023-03-10 04:33:48.303 下午,100795.349329986
2023-03-10 04:33:48.403 下午,100795.168477338
2023-03-10 04:33:48.502 下午,100794.961788597
2023-03-10 04:33:48.601 下午,100794.716345717
2023-03-10 04:33:48.701 下午,100794.290050188
2023-03-10 04:33:48.800 下午,100794.483820883
2023-03-10 04:33:48.899 下午,100794.742181809
2023-03-10 04:33:48.999 下午,100794.677591578
2023-03-10 04:33:49.098 下午,100794.483820883
2023-03-10 04:33:49.197 下午,100794.587165254
2023-03-10 04:33:49.297 下午,100794.677591578
2023-03-10 04:33:49.396 下午,100794.419230651
2023-03-10 04:33:49.495 下午,100794.522575022
2023-03-10 04:33:49.595 下午,100793.928344891
2023-03-10 04:33:49.694 下午,100793.86375466
2023-03-10 04:33:49.793 下午,100793.734574197
2023-03-10 04:33:49.893 下午,100793.708738104
2023-03-10 04:33:49.992 下午,100794.367558466
2023-03-10 04:33:50.091 下午,100794.147951679
2023-03-10 04:33:50.191 下午,100793.837918567
2023-03-10 04:33:50.290 下午,100793.928344891
2023-03-10 04:33:50.389 下午,100793.359950854
2023-03-10 04:33:50.489 下午,100792.920737279
2023-03-10 04:33:50.588 下午,100792.98532751
2023-03-10 04:33:50.687 下午,100792.73988463
2023-03-10 04:33:50.787 下午,100792.287753009
2023-03-10 04:33:50.886 下午,100792.481523704
2023-03-10 04:33:50.985 下午,100792.73988463
2023-03-10 04:33:51.085 下午,100792.959491418
2023-03-10 04:33:51.184 下午,100792.714048538
2023-03-10 04:33:51.283 下午,100793.153262113
2023-03-10 04:33:51.383 下午,100792.959491418
2023-03-10 04:33:51.482 下午,100792.287753009
2023-03-10 04:33:51.581 下午,100792.223162778
2023-03-10 04:33:51.681 下午,100791.65476874
2023-03-10 04:33:51.780 下午,100790.737587452
2023-03-10 04:33:51.879 下午,100790.763423544
2023-03-10 04:33:51.979 下午,100790.685915266
2023-03-10 04:33:52.078 下午,100790.440472386
2023-03-10 04:33:52.177 下午,100791.112210795
2023-03-10 04:33:52.277 下午,100791.099292748
2023-03-10 04:33:52.376 下午,100791.060538609
2023-03-10 04:33:52.475 下午,100790.840931822
2023-03-10 04:33:52.575 下午,100790.957194239
2023-03-10 04:33:52.674 下午,100790.77634159
2023-03-10 04:33:52.773 下午,100790.324209969
2023-03-10 04:33:52.873 下午,100789.717061793
2023-03-10 04:33:52.972 下午,100789.717061793
2023-03-10 04:33:53.071 下午,100789.910832487
2023-03-10 04:33:53.171 下午,100790.569652849
2023-03-10 04:33:53.270 下午,100791.499752184
2023-03-10 04:33:53.369 下午,100790.905522054
2023-03-10 04:33:53.469 下午,100790.970112285
2023-03-10 04:33:53.568 下午,100790.337128016
2023-03-10 04:33:53.667 下午,100789.949586626
2023-03-10 04:33:53.767 下午,100790.350046062
2023-03-10 04:33:53.866 下午,100790.737587452
2023-03-10 04:33:53.965 下午,100791.706440925
2023-03-10 04:33:54.065 下午,100792.029392083
2023-03-10 04:33:54.164 下午,100791.616014601
2023-03-10 04:33:54.263 下午,100791.02178447
2023-03-10 04:33:54.363 下午,100791.008866424
2023-03-10 04:33:54.462 下午,100790.763423544
2023-03-10 04:33:54.561 下午,100790.67299722
2023-03-10 04:33:54.661 下午,100791.125128841
2023-03-10 04:33:54.760 下午,100790.67299722
2023-03-10 04:33:54.859 下午,100790.337128016
2023-03-10 04:33:54.959 下午,100790.104603182
2023-03-10 04:33:55.058 下午,100789.355356496
2023-03-10 04:33:55.157 下午,100789.071159477
2023-03-10 04:33:55.257 下午,100789.084077523
2023-03-10 04:33:55.356 下午,100789.394110635
2023-03-10 04:33:55.455 下午,100789.419946727
2023-03-10 04:33:55.555 下午,100789.226176033
2023-03-10 04:33:55.654 下午,100789.213257986
2023-03-10 04:33:55.753 下午,100789.394110635
2023-03-10 04:33:55.853 下午,100789.665389607
2023-03-10 04:33:55.952 下午,100790.052930997
2023-03-10 04:33:56.051 下午,100789.419946727
2023-03-10 04:33:56.151 下午,100789.303684311
2023-03-10 04:33:56.250 下午,100789.122831662
2023-03-10 04:33:56.349 下午,100788.438175207
2023-03-10 04:33:56.449 下午,100789.109913616
2023-03-10 04:33:56.548 下午,100789.071159477
2023-03-10 04:33:56.647 下午,100789.071159477
2023-03-10 04:33:56.747 下午,100789.148667755
2023-03-10 04:33:56.846 下午,100788.593191763
2023-03-10 04:33:56.945 下午,100788.864470736
2023-03-10 04:33:57.045 下午,100787.908535308
2023-03-10 04:33:57.144 下午,100787.805190938
2023-03-10 04:33:57.243 下午,100788.205650374
2023-03-10 04:33:57.343 下午,100787.495157826
2023-03-10 04:33:57.442 下午,100787.792272892
2023-03-10 04:33:57.541 下午,100787.882699216
2023-03-10 04:33:57.641 下午,100787.365977363
2023-03-10 04:33:57.740 下午,100787.559748058
2023-03-10 04:33:57.839 下午,100787.895617262
2023-03-10 04:33:57.939 下午,100787.998961633
2023-03-10 04:33:58.038 下午,100788.321912791
2023-03-10 04:33:58.137 下午,100788.205650374
2023-03-10 04:33:58.237 下午,100788.011879679
2023-03-10 04:33:58.336 下午,100787.598502197
2023-03-10 04:33:58.435 下午,100788.037715772
2023-03-10 04:33:58.535 下午,100787.831027031
2023-03-10 04:33:58.634 下午,100787.843945077
2023-03-10 04:33:58.733 下午,100788.270240605
2023-03-10 04:33:58.833 下午,100787.508075873
2023-03-10 04:33:58.932 下午,100787.210960807
2023-03-10 04:33:59.031 下午,100786.875091603
2023-03-10 04:33:59.131 下午,100786.823419418
2023-03-10 04:33:59.230 下午,100786.952599881
2023-03-10 04:33:59.329 下午,100787.198042761
2023-03-10 04:33:59.429 下午,100786.875091603
2023-03-10 04:33:59.528 下午,100786.422959982
2023-03-10 04:33:59.627 下午,100786.280861473
2023-03-10 04:33:59.727 下午,100786.384205843
2023-03-10 04:33:59.826 下午,100786.590894584
2023-03-10 04:33:59.925 下午,100786.978435974
2023-03-10 04:34:00.025 下午,100786.978435974
2023-03-10 04:34:00.124 下午,100786.565058492
2023-03-10 04:34:00.223 下午,100786.913845742
2023-03-10 04:34:00.323 下午,100786.823419418
2023-03-10 04:34:00.422 下午,100786.784665279
2023-03-10 04:34:00.521 下午,100786.875091603
2023-03-10 04:34:00.621 下午,100787.210960807
2023-03-10 04:34:00.720 下午,100787.055944252
2023-03-10 04:34:00.819 下午,100786.88800965
2023-03-10 04:34:00.919 下午,100786.681320908
2023-03-10 04:34:01.018 下午,100786.0095825
2023-03-10 04:34:01.117 下午,100785.699549389
2023-03-10 04:34:01.217 下午,100786.048336639
2023-03-10 04:34:01.316 下午,100786.319615612
2023-03-10 04:34:01.415 下午,100786.435878028
2023-03-10 04:34:01.515 下午,100786.229189287
2023-03-10 04:34:01.614 下午,100785.996664454
2023-03-10 04:34:01.713 下午,100785.596205018
2023-03-10 04:34:01.813 下午,100784.92446661
2023-03-10 04:34:01.912 下午,100785.27325386
2023-03-10 04:34:02.011 下午,100785.16990949
2023-03-10 04:34:02.111 下午,100785.376598231
2023-03-10 04:34:02.210 下午,100785.893320083
2023-03-10 04:34:02.309 下午,100785.609123064
2023-03-10 04:34:02.409 下午,100785.802893759
2023-03-10 04:34:02.508 下午,100785.544532833
2023-03-10 04:34:02.607 下午,100785.247417767
2023-03-10 04:34:02.707 下午,100785.02781098
2023-03-10 04:34:02.806 下午,100784.201056016
2023-03-10 04:34:02.905 下午,100783.787678534
2023-03-10 04:34:03.004 下午,100783.593907839
2023-03-10 04:34:03.104 下午,100783.413055191
2023-03-10 04:34:03.203 下午,100783.503481515
2023-03-10 04:34:03.302 下午,100783.736006349
2023-03-10 04:34:03.402 下午,100783.619743932
2023-03-10 04:34:03.501 下午,100783.606825885
2023-03-10 04:34:03.600 下午,100783.167612311
2023-03-10 04:34:03.700 下午,100783.051349894
2023-03-10 04:34:03.799 下午,100783.051349894
2023-03-10 04:34:03.898 下午,100783.568071746
2023-03-10 04:34:03.998 下午,100783.5551537
2023-03-10 04:34:04.097 下午,100783.658498071
2023-03-10 04:34:04.196 下午,100783.568071746
2023-03-10 04:34:04.296 下午,100782.831743106
2023-03-10 04:34:04.395 下午,100783.45180933
2023-03-10 04:34:04.494 下午,100782.728398736
2023-03-10 04:34:04.594 下午,100782.909251384
2023-03-10 04:34:04.693 下午,100782.883415292
2023-03-10 04:34:04.792 下午,100782.676726551
2023-03-10 04:34:04.892 下午,100783.103022079
2023-03-10 04:34:04.991 下午,100782.276267115
2023-03-10 04:34:05.090 下午,100782.444201717
2023-03-10 04:34:05.190 下午,100782.521709995
2023-03-10 04:34:05.289 下午,100782.47003781
2023-03-10 04:34:05.388 下午,100782.96092357
2023-03-10 04:34:05.488 下午,100782.612136319
2023-03-10 04:34:05.587 下午,100782.71548069
2023-03-10 04:34:05.686 下午,100782.831743106
2023-03-10 04:34:05.786 下午,100783.167612311
2023-03-10 04:34:05.885 下午,100783.06426794
2023-03-10 04:34:05.984 下午,100782.495873902
2023-03-10 04:34:06.084 下午,100782.030824235
2023-03-10 04:34:06.183 下午,100781.59161066
2023-03-10 04:34:06.282 下午,100781.83705354
2023-03-10 04:34:06.382 下午,100781.862889633
2023-03-10 04:34:06.481 下午,100781.888725725
2023-03-10 04:34:06.580 下午,100781.849971586
2023-03-10 04:34:06.680 下午,100781.656200892
2023-03-10 04:34:06.779 下午,100781.113642946
2023-03-10 04:34:06.878 下午,100781.126560993
2023-03-10 04:34:06.978 下午,100780.480658677
2023-03-10 04:34:07.077 下午,100780.441904538
2023-03-10 04:34:07.176 下午,100780.480658677
2023-03-10 04:34:07.276 下午,100780.764855696
2023-03-10 04:34:07.375 下午,100781.229905363
2023-03-10 04:34:07.474 下午,100781.152397085
2023-03-10 04:34:07.574 下午,100781.475348243
2023-03-10 04:34:07.673 下午,100781.514102382
2023-03-10 04:34:07.772 下午,100781.462430197
2023-03-10 04:34:07.872 下午,100781.707873077
2023-03-10 04:34:07.971 下午,100781.953315957
2023-03-10 04:34:08.070 下午,100781.255741456
2023-03-10 04:34:08.170 下午,100781.372003873
2023-03-10 04:34:08.269 下午,100781.165315132
2023-03-10 04:34:08.368 下午,100780.441904538
2023-03-10 04:34:08.468 下午,100780.622757187
2023-03-10 04:34:08.567 下午,100780.764855696
2023-03-10 04:34:08.666 下午,100780.958626391
2023-03-10 04:34:08.766 下午,100780.919872252
2023-03-10 04:34:08.865 下午,100780.286887982
2023-03-10 04:34:08.964 下午,100779.589313481
2023-03-10 04:34:09.064 下午,100778.478361498
2023-03-10 04:34:09.163 下午,100778.878820934
2023-03-10 04:34:09.262 下午,100779.808920269
2023-03-10 04:34:09.362 下午,100780.131871427
2023-03-10 04:34:09.461 下午,100781.061970761
2023-03-10 04:34:09.560 下午,100780.467740631
2023-03-10 04:34:09.660 下午,100779.52472325
2023-03-10 04:34:09.759 下午,100779.111345768
2023-03-10 04:34:09.858 下午,100779.27928037
2023-03-10 04:34:09.958 下午,100779.227608184
2023-03-10 04:34:10.057 下午,100779.318034509
2023-03-10 04:34:10.156 下午,100779.52472325
2023-03-10 04:34:10.256 下午,100779.421378879
2023-03-10 04:34:10.355 下午,100779.511805203
2023-03-10 04:34:10.454 下午,100779.150099907
2023-03-10 04:34:10.554 下午,100778.517115637
2023-03-10 04:34:10.653 下午,100778.465443452
2023-03-10 04:34:10.752 下午,100778.78839461
2023-03-10 04:34:10.852 下午,100779.666821759
2023-03-10 04:34:10.951 下午,100779.783084176
2023-03-10 04:34:11.050 下午,100779.692657852
2023-03-10 04:34:11.150 下午,100779.201772092
2023-03-10 04:34:11.249 下午,100779.201772092
2023-03-10 04:34:11.348 下午,100779.201772092
2023-03-10 04:34:11.448 下午,100778.387935174
2023-03-10 04:34:11.547 下午,100778.478361498
2023-03-10 04:34:11.646 下午,100778.633378054
2023-03-10 04:34:11.746 下午,100778.594623915
2023-03-10 04:34:11.845 下午,100778.917575073
2023-03-10 04:34:11.944 下午,100779.072591629
2023-03-10 04:34:12.044 下午,100778.6462961
2023-03-10 04:34:12.143 下午,100778.865902888
2023-03-10 04:34:12.242 下午,100779.498887157
2023-03-10 04:34:12.342 下午,100778.982165304
2023-03-10 04:34:12.441 下午,100778.530033683
2023-03-10 04:34:12.540 下午,100778.633378054
2023-03-10 04:34:12.640 下午,100778.026229877
2023-03-10 04:34:12.739 下午,100778.672132193
2023-03-10 04:34:12.838 下午,100778.775476563
2023-03-10 04:34:12.938 下午,100778.478361498
2023-03-10 04:34:13.037 下午,100778.633378054
2023-03-10 04:34:13.136 下午,100777.948721599
2023-03-10 04:34:13.236 下午,100777.56118021
2023-03-10 04:34:13.335 下午,100777.17363882
2023-03-10 04:34:13.434 下午,100776.592326736
2023-03-10 04:34:13.534 下午,100776.488982366
2023-03-10 04:34:13.633 下午,100776.734425246
2023-03-10 04:34:13.732 下午,100776.92819594
2023-03-10 04:34:13.832 下午,100776.566490643
2023-03-10 04:34:13.931 下午,100776.33396581
2023-03-10 04:34:14.030 下午,100776.321047763
2023-03-10 04:34:14.130 下午,100776.33396581
2023-03-10 04:34:14.229 下午,100776.695671107
2023-03-10 04:34:14.328 下午,100776.68275306
2023-03-10 04:34:14.428 下午,100776.011014652
2023-03-10 04:34:14.527 下午,100775.507210846
2023-03-10 04:34:14.626 下午,100775.494292799
2023-03-10 04:34:14.726 下午,100776.049768791
2023-03-10 04:34:14.825 下午,100776.566490643
2023-03-10 04:34:14.924 下午,100776.863605709
2023-03-10 04:34:15.024 下午,100777.109048589
2023-03-10 04:34:15.123 下午,100776.295211671
2023-03-10 04:34:15.222 下午,100775.94642442
2023-03-10 04:34:15.322 下午,100775.933506374
2023-03-10 04:34:15.421 下午,100775.558883031
2023-03-10 04:34:15.520 下午,100776.153113161
2023-03-10 04:34:15.620 下午,100776.721507199
2023-03-10 04:34:15.719 下午,100776.346883856
2023-03-10 04:34:15.818 下午,100776.101440976
2023-03-10 04:34:15.918 下午,100775.571801077
2023-03-10 04:34:16.017 下午,100774.770882206
2023-03-10 04:34:16.116 下午,100774.770882206
2023-03-10 04:34:16.216 下午,100774.383340816
2023-03-10 04:34:16.315 下午,100774.422094955
2023-03-10 04:34:16.414 下午,100774.447931048
2023-03-10 04:34:16.514 下午,100774.47376714
2023-03-10 04:34:16.613 下午,100774.577111511
2023-03-10 04:34:16.712 下午,100774.680455881
2023-03-10 04:34:16.812 下午,100774.9646529
2023-03-10 04:34:16.911 下午,100775.016325086
2023-03-10 04:34:17.010 下午,100774.977570947
2023-03-10 04:34:17.110 下午,100775.248849919
2023-03-10 04:34:17.209 下午,100774.61586565
2023-03-10 04:34:17.308 下午,100774.977570947
2023-03-10 04:34:17.408 下午,100775.158423595
2023-03-10 04:34:17.507 下午,100774.86130853
2023-03-10 04:34:17.606 下午,100774.9646529
2023-03-10 04:34:17.706 下午,100775.067997271
2023-03-10 04:34:17.805 下午,100775.59763717
2023-03-10 04:34:17.904 下午,100775.365112336
2023-03-10 04:34:18.004 下午,100776.204785347
2023-03-10 04:34:18.103 下午,100775.365112336
2023-03-10 04:34:18.202 下午,100774.422094955
2023-03-10 04:34:18.302 下午,100774.590029557
2023-03-10 04:34:18.401 下午,100773.98288138
2023-03-10 04:34:18.500 下午,100774.189570121
2023-03-10 04:34:18.600 下午,100774.202488168
2023-03-10 04:34:18.699 下午,100774.202488168
2023-03-10 04:34:18.798 下午,100773.853700917
2023-03-10 04:34:18.898 下午,100773.763274593
2023-03-10 04:34:18.997 下午,100774.189570121
2023-03-10 04:34:19.096 下午,100773.763274593
2023-03-10 04:34:19.196 下午,100773.931209195
2023-03-10 04:34:19.295 下午,100773.98288138
2023-03-10 04:34:19.394 下午,100773.789110686
2023-03-10 04:34:19.494 下午,100774.189570121
2023-03-10 04:34:19.593 下午,100774.641701742
2023-03-10 04:34:19.692 下午,100774.176652075
2023-03-10 04:34:19.792 下午,100773.931209195
2023-03-10 04:34:19.891 下午,100773.517831713
2023-03-10 04:34:19.990 下午,100772.523142147
2023-03-10 04:34:20.090 下午,100773.349897111
2023-03-10 04:34:20.189 下午,100772.923601582
2023-03-10 04:34:20.288 下午,100772.729830888
2023-03-10 04:34:20.388 下午,100772.871929397
2023-03-10 04:34:20.487 下午,100772.574814332
2023-03-10 04:34:20.586 下午,100773.117372277
2023-03-10 04:34:20.686 下午,100773.595339991
2023-03-10 04:34:20.785 下午,100773.892455056
2023-03-10 04:34:20.884 下午,100773.595339991
2023-03-10 04:34:20.984 下午,100773.104454231
2023-03-10 04:34:21.083 下午,100772.303535359
2023-03-10 04:34:21.182 下午,100772.096846618
2023-03-10 04:34:21.282 下午,100771.450944302
2023-03-10 04:34:21.381 下午,100771.270091654
2023-03-10 04:34:21.480 下午,100771.218419469
2023-03-10 04:34:21.580 下午,100771.412190164
2023-03-10 04:34:21.679 下午,100771.321763839
2023-03-10 04:34:21.778 下午,100771.644714997
2023-03-10 04:34:21.878 下午,100771.541370627
2023-03-10 04:34:21.977 下午,100771.864321785
2023-03-10 04:34:22.076 下午,100772.471469961
2023-03-10 04:34:22.176 下午,100771.567206719
2023-03-10 04:34:22.275 下午,100771.735141321
2023-03-10 04:34:22.374 下午,100772.148518804
2023-03-10 04:34:22.474 下午,100771.941830062
2023-03-10 04:34:22.573 下午,100772.096846618
2023-03-10 04:34:22.672 下午,100772.393961684
2023-03-10 04:34:22.772 下午,100771.102157052
2023-03-10 04:34:22.871 下午,100770.766287848
2023-03-10 04:34:22.970 下午,100771.605960858
2023-03-10 04:34:23.070 下午,100771.205501423
2023-03-10 04:34:23.169 下午,100771.127993145
2023-03-10 04:34:23.268 下午,100771.554288673
2023-03-10 04:34:23.368 下午,100770.830878079
2023-03-10 04:34:23.467 下午,100770.869632218
2023-03-10 04:34:23.566 下午,100771.644714997
2023-03-10 04:34:23.666 下午,100771.412190164
2023-03-10 04:34:23.765 下午,100771.748059368
2023-03-10 04:34:23.864 下午,100771.903075924
2023-03-10 04:34:23.964 下午,100771.024648774
2023-03-10 04:34:24.063 下午,100770.79212394
2023-03-10 04:34:24.162 下午,100770.417500597
2023-03-10 04:34:24.262 下午,100770.081631393
2023-03-10 04:34:24.361 下午,100770.495008875
2023-03-10 04:34:24.460 下午,100770.339992319
2023-03-10 04:34:24.560 下午,100770.391664505
2023-03-10 04:34:24.659 下午,100770.585435199
2023-03-10 04:34:24.758 下午,100770.146221625
2023-03-10 04:34:24.858 下午,100770.869632218
2023-03-10 04:34:24.957 下午,100771.412190164
2023-03-10 04:34:25.056 下午,100771.838485692
2023-03-10 04:34:25.156 下午,100772.613568471
2023-03-10 04:34:25.255 下午,100772.729830888
2023-03-10 04:34:25.354 下午,100772.238945128
2023-03-10 04:34:25.454 下午,100772.032256387
2023-03-10 04:34:25.553 下午,100771.347599932
2023-03-10 04:34:25.652 下午,100770.714615663
2023-03-10 04:34:25.752 下午,100771.03756682
2023-03-10 04:34:25.851 下午,100769.913696791
2023-03-10 04:34:25.950 下午,100769.81035242
2023-03-10 04:34:26.050 下午,100769.474483216
2023-03-10 04:34:26.149 下午,100770.54668106
2023-03-10 04:34:26.248 下午,100771.166747284
2023-03-10 04:34:26.348 下午,100770.856714172
2023-03-10 04:34:26.447 下午,100770.972976589
2023-03-10 04:34:26.546 下午,100769.280712521
2023-03-10 04:34:26.646 下午,100769.022351595
2023-03-10 04:34:26.745 下午,100769.254876429
2023-03-10 04:34:26.844 下午,100768.789826761
2023-03-10 04:34:26.944 下午,100769.009433549
2023-03-10 04:34:27.043 下午,100769.81035242
2023-03-10 04:34:27.142 下午,100769.396974938
2023-03-10 04:34:27.242 下午,100769.616581726
2023-03-10 04:34:27.341 下午,100769.396974938
2023-03-10 04:34:27.440 下午,100768.763990669
2023-03-10 04:34:27.540 下午,100768.8285809
2023-03-10 04:34:27.639 下午,100768.983597456
2023-03-10 04:34:27.738 下午,100768.738154576
2023-03-10 04:34:27.838 下午,100769.500319309
2023-03-10 04:34:27.937 下午,100770.029959208
2023-03-10 04:34:28.036 下午,100769.513237355
2023-03-10 04:34:28.136 下午,100770.495008875
2023-03-10 04:34:28.235 下午,100770.378746458
2023-03-10 04:34:28.334 下午,100770.908386357
2023-03-10 04:34:28.434 下午,100772.432715822
2023-03-10 04:34:28.533 下午,100772.574814332
2023-03-10 04:34:28.632 下午,100772.536060193
2023-03-10 04:34:28.732 下午,100771.153829237
2023-03-10 04:34:28.831 下午,100770.223729903
2023-03-10 04:34:28.930 下午,100769.203204244
2023-03-10 04:34:29.030 下午,100767.704710871
2023-03-10 04:34:29.129 下午,100769.371138846
2023-03-10 04:34:29.228 下午,100769.21612229
2023-03-10 04:34:29.328 下午,100769.203204244
2023-03-10 04:34:29.427 下午,100770.391664505
2023-03-10 04:34:29.526 下午,100769.81035242
2023-03-10 04:34:29.626 下午,100770.339992319
2023-03-10 04:34:29.725 下午,100769.978287023
2023-03-10 04:34:29.824 下午,100769.913696791
2023-03-10 04:34:29.924 下午,100769.745762189
2023-03-10 04:34:30.023 下午,100769.642417818
2023-03-10 04:34:30.122 下午,100770.520844968
2023-03-10 04:34:30.222 下午,100769.70700805
2023-03-10 04:34:30.321 下午,100769.939532884
2023-03-10 04:34:30.420 下午,100769.46156517
2023-03-10 04:34:30.520 下午,100769.099859873
2023-03-10 04:34:30.619 下午,100770.236647949
2023-03-10 04:34:30.718 下午,100768.957761364
2023-03-10 04:34:30.818 下午,100768.8285809
2023-03-10 04:34:30.917 下午,100769.590745633
2023-03-10 04:34:31.016 下午,100768.350613187
2023-03-10 04:34:31.116 下午,100769.448647124
2023-03-10 04:34:31.215 下午,100770.094549439
2023-03-10 04:34:31.314 下午,100769.913696791
2023-03-10 04:34:31.414 下午,100769.797434374
2023-03-10 04:34:31.513 下午,100768.983597456
2023-03-10 04:34:31.612 下午,100769.125695966
2023-03-10 04:34:31.712 下午,100769.099859873
2023-03-10 04:34:31.811 下午,100770.146221625
2023-03-10 04:34:31.910 下午,100770.882550265
2023-03-10 04:34:32.010 下午,100770.495008875
2023-03-10 04:34:32.109 下午,100770.094549439
2023-03-10 04:34:32.208 下午,100770.482090829
2023-03-10 04:34:32.308 下午,100770.042877254
2023-03-10 04:34:32.407 下午,100770.094549439
2023-03-10 04:34:32.506 下午,100770.391664505
2023-03-10 04:34:32.606 下午,100769.668253911
2023-03-10 04:34:32.705 下午,100770.042877254
2023-03-10 04:34:32.804 下午,100769.978287023
2023-03-10 04:34:32.904 下午,100770.094549439
2023-03-10 04:34:33.003 下午,100769.862024606
2023-03-10 04:34:33.102 下午,100770.004123115
2023-03-10 04:34:33.202 下午,100769.849106559
2023-03-10 04:34:33.301 下午,100769.358220799
2023-03-10 04:34:33.400 下午,100769.396974938
2023-03-10 04:34:33.500 下午,100769.46156517
2023-03-10 04:34:33.599 下午,100769.758680235
2023-03-10 04:34:33.698 下午,100769.280712521
2023-03-10 04:34:33.798 下午,100769.616581726
2023-03-10 04:34:33.897 下午,100769.422811031
2023-03-10 04:34:33.996 下午,100769.345302753
2023-03-10 04:34:34.096 下午,100769.939532884
2023-03-10 04:34:34.195 下午,100769.95245093
2023-03-10 04:34:34.294 下午,100769.913696791
2023-03-10 04:34:34.394 下午,100769.991205069
2023-03-10 04:34:34.493 下午,100769.358220799
2023-03-10 04:34:34.592 下午,100768.738154576
2023-03-10 04:34:34.692 下午,100768.466875604
2023-03-10 04:34:34.791 下午,100768.131006399
2023-03-10 04:34:34.890 下午,100768.686482391
2023-03-10 04:34:34.990 下午,100768.428121465
2023-03-10 04:34:35.089 下午,100767.795137195
2023-03-10 04:34:35.188 下午,100767.25257925
2023-03-10 04:34:35.288 下午,100766.671267166
2023-03-10 04:34:35.387 下午,100767.278415343
2023-03-10 04:34:35.486 下午,100767.317169482
2023-03-10 04:34:35.586 下午,100767.330087528
2023-03-10 04:34:35.685 下午,100767.278415343
2023-03-10 04:34:35.784 下午,100766.542086703
2023-03-10 04:34:35.884 下午,100766.890873953
2023-03-10 04:34:35.983 下午,100767.058808555
2023-03-10 04:34:36.082 下午,100767.446349945
2023-03-10 04:34:36.182 下午,100767.911399612
2023-03-10 04:34:36.281 下午,100767.84680938
2023-03-10 04:34:36.380 下午,100767.911399612
2023-03-10 04:34:36.480 下午,100768.09225226
2023-03-10 04:34:36.579 下午,100767.885563519
2023-03-10 04:34:36.678 下午,100768.298941002
2023-03-10 04:34:36.778 下午,100767.898481566
2023-03-10 04:34:36.877 下午,100767.420513852
2023-03-10 04:34:36.976 下午,100767.472186037
2023-03-10 04:34:37.076 下午,100766.529168656
2023-03-10 04:34:37.175 下午,100766.710021305
2023-03-10 04:34:37.274 下午,100766.710021305
2023-03-10 04:34:37.374 下午,100766.529168656
2023-03-10 04:34:37.473 下午,100766.567922795
2023-03-10 04:34:37.572 下午,100766.425824286
2023-03-10 04:34:37.672 下午,100766.3741521
2023-03-10 04:34:37.771 下午,100766.477496471
2023-03-10 04:34:37.870 下午,100766.232053591
2023-03-10 04:34:37.970 下午,100765.276118164
2023-03-10 04:34:38.069 下午,100765.276118164
2023-03-10 04:34:38.168 下午,100764.888576774
2023-03-10 04:34:38.268 下午,100765.650741507
2023-03-10 04:34:38.367 下午,100767.213825111
2023-03-10 04:34:38.466 下午,100767.278415343
2023-03-10 04:34:38.566 下午,100768.596056067
2023-03-10 04:34:38.665 下午,100768.47979365
2023-03-10 04:34:38.764 下午,100768.079334214
2023-03-10 04:34:38.864 下午,100768.040580075
2023-03-10 04:34:38.963 下午,100767.071726602
2023-03-10 04:34:39.062 下午,100766.787529583
2023-03-10 04:34:39.162 下午,100766.86503786
2023-03-10 04:34:39.261 下午,100766.722939351
2023-03-10 04:34:39.360 下午,100766.490414517
2023-03-10 04:34:39.460 下午,100766.399988193
2023-03-10 04:34:39.559 下午,100766.206217498
2023-03-10 04:34:39.658 下午,100766.128709221
2023-03-10 04:34:39.758 下午,100766.322479915
2023-03-10 04:34:39.857 下午,100766.981300277
2023-03-10 04:34:39.956 下午,100766.722939351
2023-03-10 04:34:40.056 下午,100767.149234879
2023-03-10 04:34:40.155 下午,100767.058808555
2023-03-10 04:34:40.254 下午,100766.929628092
2023-03-10 04:34:40.354 下午,100767.74346501
2023-03-10 04:34:40.453 下午,100767.472186037
2023-03-10 04:34:40.552 下午,100767.00713637
2023-03-10 04:34:40.652 下午,100766.632513027
2023-03-10 04:34:40.751 下午,100765.986610711
2023-03-10 04:34:40.850 下午,100766.244971637
2023-03-10 04:34:40.950 下午,100766.813365675
2023-03-10 04:34:41.049 下午,100767.226743157
2023-03-10 04:34:41.148 下午,100767.510940176
2023-03-10 04:34:41.248 下午,100766.826283722
2023-03-10 04:34:41.347 下午,100766.335397962
2023-03-10 04:34:41.446 下午,100764.811068496
2023-03-10 04:34:41.546 下午,100764.397691014
2023-03-10 04:34:41.645 下午,100764.255592505
2023-03-10 04:34:41.744 下午,100764.449363199
2023-03-10 04:34:41.844 下午,100765.353626442
2023-03-10 04:34:41.943 下午,100765.327790349
2023-03-10 04:34:42.042 下午,100765.999528757
2023-03-10 04:34:42.142 下午,100765.224445978
2023-03-10 04:34:42.241 下午,100764.888576774
2023-03-10 04:34:42.340 下午,100764.681888033
2023-03-10 04:34:42.440 下午,100763.893887208
2023-03-10 04:34:42.539 下午,100764.384772968
2023-03-10 04:34:42.638 下午,100764.139330088
2023-03-10 04:34:42.738 下午,100763.738870652
2023-03-10 04:34:42.837 下午,100763.95847744
2023-03-10 04:34:42.936 下午,100763.997231578
2023-03-10 04:34:43.036 下午,100763.403001448
2023-03-10 04:34:43.135 下午,100763.71303456
2023-03-10 04:34:43.234 下午,100763.945559393
2023-03-10 04:34:43.334 下午,100764.126412042
2023-03-10 04:34:43.433 下午,100764.578543663
2023-03-10 04:34:43.532 下午,100764.927330913
2023-03-10 04:34:43.632 下午,100764.397691014
2023-03-10 04:34:43.731 下午,100763.661362374
2023-03-10 04:34:43.830 下午,100764.423527107
2023-03-10 04:34:43.930 下午,100763.81637893
2023-03-10 04:34:44.029 下午,100763.687198467
2023-03-10 04:34:44.128 下午,100764.203920319
2023-03-10 04:34:44.228 下午,100764.035985717
2023-03-10 04:34:44.327 下午,100764.475199292
2023-03-10 04:34:44.426 下午,100765.198609886
2023-03-10 04:34:44.526 下午,100764.979003098
2023-03-10 04:34:44.625 下午,100764.836904589
2023-03-10 04:34:44.724 下午,100764.823986543
2023-03-10 04:34:44.824 下午,100764.06182181
2023-03-10 04:34:44.923 下午,100763.906805254
2023-03-10 04:34:45.022 下午,100763.803460884
2023-03-10 04:34:45.122 下午,100763.622608235
2023-03-10 04:34:45.221 下午,100764.539789524
2023-03-10 04:34:45.320 下午,100765.108183562
2023-03-10 04:34:45.420 下午,100764.940248959
2023-03-10 04:34:45.519 下午,100764.862740682
2023-03-10 04:34:45.618 下午,100763.842215023
2023-03-10 04:34:45.718 下午,100763.661362374
2023-03-10 04:34:45.817 下午,100763.648444328
2023-03-10 04:34:45.916 下午,100763.661362374
2023-03-10 04:34:46.016 下午,100763.71303456
2023-03-10 04:34:46.115 下午,100763.558018004
2023-03-10 04:34:46.214 下午,100763.46759168
2023-03-10 04:34:46.314 下午,100763.32549317
2023-03-10 04:34:46.413 下午,100763.506345818
2023-03-10 04:34:46.512 下午,100763.118804429
2023-03-10 04:34:46.612 下午,100762.886279595
2023-03-10 04:34:46.711 下午,100762.524574298
2023-03-10 04:34:46.810 下午,100761.9949344
2023-03-10 04:34:46.910 下午,100761.60739301
2023-03-10 04:34:47.009 下午,100761.452376454
2023-03-10 04:34:47.108 下午,100761.310277945
2023-03-10 04:34:47.208 下午,100760.858146324
2023-03-10 04:34:47.307 下午,100761.271523806
2023-03-10 04:34:47.406 下午,100761.297359898
2023-03-10 04:34:47.506 下午,100761.555720825
2023-03-10 04:34:47.605 下午,100761.891590029
2023-03-10 04:34:47.704 下午,100762.175787048
2023-03-10 04:34:47.804 下午,100762.421229928
2023-03-10 04:34:47.903 下午,100761.982016353
2023-03-10 04:34:48.002 下午,100761.594474964
2023-03-10 04:34:48.102 下午,100761.051917019
2023-03-10 04:34:48.201 下午,100760.418932749
2023-03-10 04:34:48.300 下午,100760.238080101
2023-03-10 04:34:48.399 下午,100760.858146324
2023-03-10 04:34:48.499 下午,100760.612703444
2023-03-10 04:34:48.598 下午,100760.741883907
2023-03-10 04:34:48.697 下午,100761.788245658
2023-03-10 04:34:48.797 下午,100761.349032084
2023-03-10 04:34:48.896 下午,100761.762409566
2023-03-10 04:34:48.995 下午,100761.85283589
2023-03-10 04:34:49.095 下午,100761.232769667
2023-03-10 04:34:49.194 下午,100761.452376454
2023-03-10 04:34:49.293 下午,100761.426540362
2023-03-10 04:34:49.393 下午,100761.349032084
2023-03-10 04:34:49.492 下午,100761.051917019
2023-03-10 04:34:49.591 下午,100760.819392185
2023-03-10 04:34:49.691 下午,100760.354342517
2023-03-10 04:34:49.790 下午,100760.741883907
2023-03-10 04:34:49.889 下午,100761.206933574
2023-03-10 04:34:49.989 下午,100761.11650725
2023-03-10 04:34:50.088 下午,100761.155261389
2023-03-10 04:34:50.187 下午,100760.909818509
2023-03-10 04:34:50.287 下午,100760.005555267
2023-03-10 04:34:50.386 下午,100759.863456757
2023-03-10 04:34:50.485 下午,100760.057227452
2023-03-10 04:34:50.585 下午,100760.044309406
2023-03-10 04:34:50.684 下午,100760.62562149
2023-03-10 04:34:50.783 下午,100760.974408741
2023-03-10 04:34:50.883 下午,100760.418932749
2023-03-10 04:34:50.982 下午,100760.186407915
2023-03-10 04:34:51.081 下午,100760.044309406
2023-03-10 04:34:51.181 下午,100760.095981591
2023-03-10 04:34:51.280 下午,100760.444768842
2023-03-10 04:34:51.379 下午,100760.38017861
2023-03-10 04:34:51.479 下午,100760.354342517
2023-03-10 04:34:51.578 下午,100759.902210896
2023-03-10 04:34:51.677 下午,100759.320898812
2023-03-10 04:34:51.777 下午,100759.656768016
2023-03-10 04:34:51.876 下午,100759.39840709
2023-03-10 04:34:51.975 下午,100759.127128118
2023-03-10 04:34:52.075 下午,100759.217554442
2023-03-10 04:34:52.174 下午,100758.623324311
2023-03-10 04:34:52.273 下午,100758.66207845
2023-03-10 04:34:52.373 下午,100758.726668682
2023-03-10 04:34:52.472 下午,100758.830013052
2023-03-10 04:34:52.571 下午,100759.5405056
2023-03-10 04:34:52.671 下午,100759.553423646
2023-03-10 04:34:52.770 下午,100759.282144673
2023-03-10 04:34:52.869 下午,100759.798866526
2023-03-10 04:34:52.969 下午,100759.269226627
2023-03-10 04:34:53.068 下午,100759.178800303
2023-03-10 04:34:53.167 下午,100759.656768016
2023-03-10 04:34:53.267 下午,100759.256308581
2023-03-10 04:34:53.366 下午,100759.39840709
2023-03-10 04:34:53.465 下午,100759.346734905
2023-03-10 04:34:53.565 下午,100758.868767191
2023-03-10 04:34:53.664 下午,100758.571652126
2023-03-10 04:34:53.763 下午,100757.990340042
2023-03-10 04:34:53.863 下午,100757.460700143
2023-03-10 04:34:53.962 下午,100757.641552791
2023-03-10 04:34:54.061 下午,100757.589880606
2023-03-10 04:34:54.161 下午,100757.641552791
2023-03-10 04:34:54.260 下午,100758.029094181
2023-03-10 04:34:54.359 下午,100757.990340042
2023-03-10 04:34:54.459 下午,100758.235782922
2023-03-10 04:34:54.558 下午,100758.132438551
2023-03-10 04:34:54.657 下午,100758.054930273
2023-03-10 04:34:54.757 下午,100757.512372328
2023-03-10 04:34:54.856 下午,100757.215257263
2023-03-10 04:34:54.955 下午,100756.982732429
2023-03-10 04:34:55.055 下午,100757.176503124
2023-03-10 04:34:55.154 下午,100757.796569347
2023-03-10 04:34:55.253 下午,100757.848241532
2023-03-10 04:34:55.353 下午,100757.848241532
2023-03-10 04:34:55.452 下午,100757.912831764
2023-03-10 04:34:55.551 下午,100758.029094181
2023-03-10 04:34:55.651 下午,100757.396109911
2023-03-10 04:34:55.750 下午,100757.951585903
2023-03-10 04:34:55.849 下午,100757.899913718
2023-03-10 04:34:55.949 下午,100758.248700968
2023-03-10 04:34:56.048 下午,100759.462997322
2023-03-10 04:34:56.147 下午,100759.282144673
2023-03-10 04:34:56.247 下午,100759.514669507
2023-03-10 04:34:56.346 下午,100758.830013052
2023-03-10 04:34:56.445 下午,100758.90752133
2023-03-10 04:34:56.545 下午,100758.726668682
2023-03-10 04:34:56.644 下午,100758.093684412
2023-03-10 04:34:56.743 下午,100758.080766366
2023-03-10 04:34:56.843 下午,100757.951585903
2023-03-10 04:34:56.942 下午,100757.706143023
2023-03-10 04:34:57.041 下午,100757.512372328
2023-03-10 04:34:57.141 下午,100757.473618189
2023-03-10 04:34:57.240 下午,100757.008568522
2023-03-10 04:34:57.339 下午,100756.84063392
2023-03-10 04:34:57.439 下午,100757.021486568
2023-03-10 04:34:57.538 下午,100757.073158753
2023-03-10 04:34:57.637 下午,100756.530600808
2023-03-10 04:34:57.737 下午,100756.737289549
2023-03-10 04:34:57.836 下午,100756.543518854
2023-03-10 04:34:57.935 下午,100756.388502299
2023-03-10 04:34:58.035 下午,100756.827715873
2023-03-10 04:34:58.134 下午,100756.181813558
2023-03-10 04:34:58.233 下午,100756.130141372
2023-03-10 04:34:58.333 下午,100755.833026307
2023-03-10 04:34:58.432 下午,100755.419648825
2023-03-10 04:34:58.531 下午,100755.574665381
2023-03-10 04:34:58.631 下午,100755.032107435
2023-03-10 04:34:58.730 下午,100755.36797664
2023-03-10 04:34:58.829 下午,100755.419648825
2023-03-10 04:34:58.929 下午,100755.807190214
2023-03-10 04:34:59.028 下午,100756.194731604
2023-03-10 04:34:59.127 下午,100755.690927798
2023-03-10 04:34:59.227 下午,100756.078469187
2023-03-10 04:34:59.326 下午,100756.052633094
2023-03-10 04:34:59.425 下午,100756.34974816
2023-03-10 04:34:59.525 下午,100756.866470012
2023-03-10 04:34:59.624 下午,100756.646863225
2023-03-10 04:34:59.723 下午,100756.143059419
2023-03-10 04:34:59.823 下午,100755.47132101
2023-03-10 04:34:59.922 下午,100754.954599158
2023-03-10 04:35:00.021 下午,100754.928763065
2023-03-10 04:35:00.121 下午,100755.768436075
2023-03-10 04:35:00.220 下午,100755.949288724
2023-03-10 04:35:00.319 下午,100756.013878955
2023-03-10 04:35:00.419 下午,100755.833026307
2023-03-10 04:35:00.518 下午,100755.768436075
2023-03-10 04:35:00.617 下午,100755.200042038
2023-03-10 04:35:00.717 下午,100754.48954949
2023-03-10 04:35:00.816 下午,100753.882401313
2023-03-10 04:35:00.915 下午,100753.081482442
2023-03-10 04:35:01.015 下午,100753.99866373
2023-03-10 04:35:01.114 下午,100754.825418694
2023-03-10 04:35:01.213 下午,100755.8588624
2023-03-10 04:35:01.313 下午,100755.910534585
2023-03-10 04:35:01.412 下午,100756.246403789
2023-03-10 04:35:01.511 下午,100755.833026307
2023-03-10 04:35:01.611 下午,100755.36797664
2023-03-10 04:35:01.710 下午,100755.600501473
2023-03-10 04:35:01.809 下午,100755.794272168
2023-03-10 04:35:01.909 下午,100756.427256438
2023-03-10 04:35:02.008 下午,100756.091387233
2023-03-10 04:35:02.107 下午,100756.34974816
2023-03-10 04:35:02.207 下午,100756.039715048
2023-03-10 04:35:02.306 下午,100755.36797664
2023-03-10 04:35:02.405 下午,100755.47132101
2023-03-10 04:35:02.505 下午,100755.200042038
2023-03-10 04:35:02.604 下午,100755.22587813
2023-03-10 04:35:02.703 下午,100755.419648825
2023-03-10 04:35:02.803 下午,100755.71676389
2023-03-10 04:35:02.902 下午,100755.690927798
2023-03-10 04:35:03.001 下午,100754.928763065
2023-03-10 04:35:03.101 下午,100755.057943528
2023-03-10 04:35:03.200 下午,100754.450795351
2023-03-10 04:35:03.299 下午,100754.076172008
2023-03-10 04:35:03.399 下午,100754.14076224
2023-03-10 04:35:03.498 下午,100754.515385583
2023-03-10 04:35:03.597 下午,100754.644566046
2023-03-10 04:35:03.697 下午,100754.48954949
2023-03-10 04:35:03.796 下午,100754.73499237
2023-03-10 04:35:03.895 下午,100753.766138897
2023-03-10 04:35:03.995 下午,100754.179516379
2023-03-10 04:35:04.094 下午,100754.528303629
2023-03-10 04:35:04.193 下午,100754.618729953
2023-03-10 04:35:04.293 下午,100755.393812732
2023-03-10 04:35:04.392 下午,100754.541221675
2023-03-10 04:35:04.491 下午,100754.541221675
2023-03-10 04:35:04.591 下午,100753.64987648
2023-03-10 04:35:04.690 下午,100753.081482442
2023-03-10 04:35:04.789 下午,100753.624040387
2023-03-10 04:35:04.889 下午,100753.301089229
2023-03-10 04:35:04.988 下午,100754.205352471
2023-03-10 04:35:05.087 下午,100754.541221675
2023-03-10 04:35:05.187 下午,100754.825418694
2023-03-10 04:35:05.286 下午,100754.760828463
2023-03-10 04:35:05.385 下午,100754.347450981
2023-03-10 04:35:05.485 下午,100754.011581777
2023-03-10 04:35:05.584 下午,100753.559450156
2023-03-10 04:35:05.683 下午,100753.740302804
2023-03-10 04:35:05.783 下午,100753.50777797
2023-03-10 04:35:05.882 下午,100754.011581777
2023-03-10 04:35:05.981 下午,100753.985745684
2023-03-10 04:35:06.081 下午,100753.856565221
2023-03-10 04:35:06.180 下午,100753.546532109
2023-03-10 04:35:06.279 下午,100751.93177632
2023-03-10 04:35:06.379 下午,100751.221283772
2023-03-10 04:35:06.478 下午,100751.466726652
2023-03-10 04:35:06.577 下午,100752.099710922
2023-03-10 04:35:06.677 下午,100753.934073499
2023-03-10 04:35:06.776 下午,100754.231188564
2023-03-10 04:35:06.875 下午,100754.192434425
2023-03-10 04:35:06.975 下午,100753.714466711
2023-03-10 04:35:07.074 下午,100753.120236581
2023-03-10 04:35:07.173 下午,100752.810203469
2023-03-10 04:35:07.273 下午,100752.396825987
2023-03-10 04:35:07.372 下午,100752.345153802
2023-03-10 04:35:07.471 下午,100752.448498172
2023-03-10 04:35:07.571 下午,100752.91354784
2023-03-10 04:35:07.670 下午,100752.642268867
2023-03-10 04:35:07.769 下午,100752.642268867
2023-03-10 04:35:07.869 下午,100752.345153802
2023-03-10 04:35:07.968 下午,100752.383907941
2023-03-10 04:35:08.067 下午,100752.732695191
2023-03-10 04:35:08.167 下午,100753.249417044
2023-03-10 04:35:08.266 下午,100753.003974164
2023-03-10 04:35:08.365 下午,100752.564760589
2023-03-10 04:35:08.465 下午,100752.719777145
2023-03-10 04:35:08.564 下午,100751.841349996
2023-03-10 04:35:08.663 下午,100752.306399663
2023-03-10 04:35:08.763 下午,100753.055646349
2023-03-10 04:35:08.862 下午,100752.965220025
2023-03-10 04:35:08.961 下午,100753.456105785
2023-03-10 04:35:09.061 下午,100753.003974164
2023-03-10 04:35:09.160 下午,100753.26233509
2023-03-10 04:35:09.259 下午,100752.810203469
2023-03-10 04:35:09.359 下午,100752.577678636
2023-03-10 04:35:09.458 下午,100752.926465886
2023-03-10 04:35:09.557 下午,100751.78967781
2023-03-10 04:35:09.657 下午,100752.1772192
2023-03-10 04:35:09.756 下午,100751.05334917
2023-03-10 04:35:09.855 下午,100751.05334917
2023-03-10 04:35:09.955 下午,100751.505480791
2023-03-10 04:35:10.054 下午,100751.350464236
2023-03-10 04:35:10.153 下午,100752.564760589
2023-03-10 04:35:10.253 下午,100751.402136421
2023-03-10 04:35:10.352 下午,100749.761544539
2023-03-10 04:35:10.451 下午,100748.35347749
2023-03-10 04:35:10.551 下午,100747.152099183
2023-03-10 04:35:10.650 下午,100746.209081802
2023-03-10 04:35:10.749 下午,100748.095116564
2023-03-10 04:35:10.849 下午,100749.063970038
2023-03-10 04:35:10.948 下午,100750.045741558
2023-03-10 04:35:11.047 下午,100751.453808606
2023-03-10 04:35:11.147 下午,100750.239512252
2023-03-10 04:35:11.246 下午,100749.864888909
2023-03-10 04:35:11.345 下午,100749.839052817
2023-03-10 04:35:11.445 下午,100749.554855798
2023-03-10 04:35:11.544 下午,100749.425675335
2023-03-10 04:35:11.643 下午,100749.025215899
2023-03-10 04:35:11.743 下午,100748.030526332
2023-03-10 04:35:11.842 下午,100747.061672859
2023-03-10 04:35:11.941 下午,100746.247835941
2023-03-10 04:35:12.041 下午,100746.544951006
2023-03-10 04:35:12.140 下午,100747.061672859
2023-03-10 04:35:12.239 下午,100748.547248185
2023-03-10 04:35:12.339 下午,100750.006987419
2023-03-10 04:35:12.438 下午,100750.006987419
2023-03-10 04:35:12.537 下午,100748.857281297
2023-03-10 04:35:12.637 下午,100748.521412092
2023-03-10 04:35:12.736 下午,100746.984164581
2023-03-10 04:35:12.835 下午,100746.816229979
2023-03-10 04:35:12.935 下午,100748.534330139
2023-03-10 04:35:13.034 下午,100748.624756463
2023-03-10 04:35:13.133 下午,100750.639971688
2023-03-10 04:35:13.233 下午,100751.130857448
2023-03-10 04:35:13.332 下午,100749.658200168
2023-03-10 04:35:13.431 下午,100748.185542888
2023-03-10 04:35:13.531 下午,100746.079901339
2023-03-10 04:35:13.630 下午,100744.762260615
2023-03-10 04:35:13.729 下午,100744.452227503
2023-03-10 04:35:13.829 下午,100744.956031309
2023-03-10 04:35:13.928 下午,100746.338262265
2023-03-10 04:35:14.027 下午,100746.493278821
2023-03-10 04:35:14.127 下午,100746.790393886
2023-03-10 04:35:14.226 下午,100746.105737431
2023-03-10 04:35:14.325 下午,100746.299508126
2023-03-10 04:35:14.425 下午,100747.707575175
2023-03-10 04:35:14.524 下午,100749.425675335
2023-03-10 04:35:14.623 下午,100749.619446029
2023-03-10 04:35:14.723 下午,100748.482657954
2023-03-10 04:35:14.822 下午,100748.159706796
2023-03-10 04:35:14.921 下午,100746.544951006
2023-03-10 04:35:15.021 下午,100746.867902164
2023-03-10 04:35:15.120 下午,100746.829148025
2023-03-10 04:35:15.219 下午,100745.072293726
2023-03-10 04:35:15.319 下午,100744.865604985
2023-03-10 04:35:15.418 下午,100744.452227503
2023-03-10 04:35:15.517 下午,100745.111047865
2023-03-10 04:35:15.617 下午,100746.583705145
2023-03-10 04:35:15.716 下午,100747.307115739
2023-03-10 04:35:15.815 下午,100746.932492396
2023-03-10 04:35:15.915 下午,100747.087508951
2023-03-10 04:35:16.014 下午,100746.622459284
2023-03-10 04:35:16.113 下午,100746.519114914
2023-03-10 04:35:16.213 下午,100746.829148025
2023-03-10 04:35:16.312 下午,100745.472753162
2023-03-10 04:35:16.411 下午,100745.356490745
2023-03-10 04:35:16.511 下午,100744.645998198
2023-03-10 04:35:16.610 下午,100745.05937568
2023-03-10 04:35:16.709 下午,100745.278982467
2023-03-10 04:35:16.809 下午,100746.247835941
2023-03-10 04:35:16.908 下午,100746.725803655
2023-03-10 04:35:17.007 下午,100746.674131469
2023-03-10 04:35:17.107 下午,100746.53203296
2023-03-10 04:35:17.206 下午,100745.05937568
2023-03-10 04:35:17.305 下午,100744.335965086
2023-03-10 04:35:17.405 下午,100743.715898863
2023-03-10 04:35:17.504 下午,100744.038850021
2023-03-10 04:35:17.603 下午,100743.845079326
2023-03-10 04:35:17.703 下午,100743.93550565
2023-03-10 04:35:17.802 下午,100744.013013928
2023-03-10 04:35:17.901 下午,100744.245538762
2023-03-10 04:35:18.001 下午,100744.697670383
2023-03-10 04:35:18.100 下午,100745.111047865
2023-03-10 04:35:18.199 下午,100745.369408791
2023-03-10 04:35:18.299 下午,100744.8139328
2023-03-10 04:35:18.398 下午,100744.633080152
2023-03-10 04:35:18.497 下午,100744.258456808
2023-03-10 04:35:18.597 下午,100743.845079326
2023-03-10 04:35:18.696 下午,100744.038850021
2023-03-10 04:35:18.795 下午,100743.547964261
2023-03-10 04:35:18.895 下午,100744.400555318
2023-03-10 04:35:18.994 下午,100744.645998198
2023-03-10 04:35:19.093 下午,100744.594326013
2023-03-10 04:35:19.193 下午,100744.645998198
2023-03-10 04:35:19.292 下午,100743.767571048
2023-03-10 04:35:19.391 下午,100744.07760416
2023-03-10 04:35:19.491 下午,100743.896751512
2023-03-10 04:35:19.590 下午,100743.793407141
2023-03-10 04:35:19.689 下午,100743.560882307
2023-03-10 04:35:19.789 下午,100743.225013103
2023-03-10 04:35:19.888 下午,100743.405865752
2023-03-10 04:35:19.987 下午,100743.354193566
2023-03-10 04:35:20.087 下午,100744.542653827
2023-03-10 04:35:20.186 下午,100744.826850846
2023-03-10 04:35:20.285 下午,100744.67183429
2023-03-10 04:35:20.385 下午,100744.981867402
2023-03-10 04:35:20.484 下午,100743.638390585
2023-03-10 04:35:20.583 下午,100743.057078501
2023-03-10 04:35:20.683 下午,100742.566192741
2023-03-10 04:35:20.782 下午,100742.398258139
2023-03-10 04:35:20.881 下午,100743.121668733
2023-03-10 04:35:20.981 下午,100743.018324362
2023-03-10 04:35:21.080 下午,100743.315439427
2023-03-10 04:35:21.179 下午,100743.599636446
2023-03-10 04:35:21.279 下午,100744.090522206
2023-03-10 04:35:21.378 下午,100743.883833465
2023-03-10 04:35:21.477 下午,100743.638390585
2023-03-10 04:35:21.577 下午,100743.457537937
2023-03-10 04:35:21.676 下午,100742.475766417
2023-03-10 04:35:21.775 下午,100743.263767242
2023-03-10 04:35:21.875 下午,100743.250849196
2023-03-10 04:35:21.974 下午,100743.315439427
2023-03-10 04:35:22.073 下午,100743.702980817
2023-03-10 04:35:22.173 下午,100743.380029659
2023-03-10 04:35:22.272 下午,100744.232620716
2023-03-10 04:35:22.371 下午,100744.478063596
2023-03-10 04:35:22.471 下午,100744.32304704
2023-03-10 04:35:22.570 下午,100744.297210947
2023-03-10 04:35:22.669 下午,100744.038850021
2023-03-10 04:35:22.769 下午,100743.741734956
2023-03-10 04:35:22.868 下午,100743.031242408
2023-03-10 04:35:22.967 下午,100742.630782973
2023-03-10 04:35:23.067 下午,100742.139897213
2023-03-10 04:35:23.166 下午,100741.842782147
2023-03-10 04:35:23.265 下午,100742.010716749
2023-03-10 04:35:23.365 下午,100742.346585954
2023-03-10 04:35:23.464 下午,100741.687765592
2023-03-10 04:35:23.563 下午,100741.571503175
2023-03-10 04:35:23.663 下午,100741.597339267
2023-03-10 04:35:23.762 下午,100741.028945229
2023-03-10 04:35:23.861 下午,100741.364814434
2023-03-10 04:35:23.961 下午,100741.300224202
2023-03-10 04:35:24.060 下午,100741.106453507
2023-03-10 04:35:24.159 下午,100741.842782147
2023-03-10 04:35:24.259 下午,100741.416486619
2023-03-10 04:35:24.358 下午,100740.822256488
2023-03-10 04:35:24.457 下午,100740.88684672
2023-03-10 04:35:24.557 下午,100740.589731655
2023-03-10 04:35:24.656 下午,100740.938518905
2023-03-10 04:35:24.755 下午,100741.933208472
2023-03-10 04:35:24.855 下午,100743.018324362
2023-03-10 04:35:24.954 下午,100743.883833465
2023-03-10 04:35:25.053 下午,100743.612554493
2023-03-10 04:35:25.153 下午,100743.250849196
2023-03-10 04:35:25.252 下午,100742.036552842
2023-03-10 04:35:25.351 下午,100741.080617415
2023-03-10 04:35:25.451 下午,100741.1322896
2023-03-10 04:35:25.550 下午,100741.171043739
2023-03-10 04:35:25.649 下午,100740.977273044
2023-03-10 04:35:25.749 下午,100741.106453507
2023-03-10 04:35:25.848 下午,100741.1322896
2023-03-10 04:35:25.947 下午,100740.925600859
2023-03-10 04:35:26.047 下午,100741.610257314
2023-03-10 04:35:26.146 下午,100740.938518905
2023-03-10 04:35:26.245 下午,100741.080617415
2023-03-10 04:35:26.345 下午,100741.455240758
2023-03-10 04:35:26.444 下午,100741.080617415
2023-03-10 04:35:26.543 下午,100741.571503175
2023-03-10 04:35:26.643 下午,100741.739437777
2023-03-10 04:35:26.742 下午,100741.713601684
2023-03-10 04:35:26.841 下午,100741.842782147
2023-03-10 04:35:26.941 下午,100741.687765592
2023-03-10 04:35:27.040 下午,100741.933208472
2023-03-10 04:35:27.139 下午,100741.816946055
2023-03-10 04:35:27.239 下午,100741.558585128
2023-03-10 04:35:27.338 下午,100741.946126518
2023-03-10 04:35:27.437 下午,100741.816946055
2023-03-10 04:35:27.537 下午,100742.049470888
2023-03-10 04:35:27.636 下午,100742.088225027
2023-03-10 04:35:27.735 下午,100741.610257314
2023-03-10 04:35:27.835 下午,100741.610257314
2023-03-10 04:35:27.934 下午,100741.558585128
2023-03-10 04:35:28.033 下午,100741.545667082
2023-03-10 04:35:28.133 下午,100742.294913768
2023-03-10 04:35:28.232 下午,100742.398258139
2023-03-10 04:35:28.331 下午,100742.501602509
2023-03-10 04:35:28.431 下午,100742.437012278
2023-03-10 04:35:28.530 下午,100741.752355823
2023-03-10 04:35:28.629 下午,100740.925600859
2023-03-10 04:35:28.729 下午,100739.853403015
2023-03-10 04:35:28.828 下午,100739.427107486
2023-03-10 04:35:28.927 下午,100739.259172884
2023-03-10 04:35:29.027 下午,100739.65963232
2023-03-10 04:35:29.126 下午,100740.15051808
2023-03-10 04:35:29.225 下午,100740.938518905
2023-03-10 04:35:29.325 下午,100740.279698543
2023-03-10 04:35:29.424 下午,100740.008419571
2023-03-10 04:35:29.523 下午,100740.447633145
2023-03-10 04:35:29.623 下午,100739.943829339
2023-03-10 04:35:29.722 下午,100740.718912118
2023-03-10 04:35:29.821 下午,100741.364814434
2023-03-10 04:35:29.921 下午,100741.106453507
2023-03-10 04:35:30.020 下午,100741.028945229
2023-03-10 04:35:30.119 下午,100740.861010627
2023-03-10 04:35:30.219 下午,100739.930911293
2023-03-10 04:35:30.318 下午,100739.543369903
2023-03-10 04:35:30.417 下午,100739.478779672
2023-03-10 04:35:30.517 下午,100738.974975865
2023-03-10 04:35:30.616 下午,100739.026648051
2023-03-10 04:35:30.715 下午,100738.92330368
2023-03-10 04:35:30.815 下午,100738.341991596
2023-03-10 04:35:30.914 下午,100739.013730004
2023-03-10 04:35:31.013 下午,100739.31084507
2023-03-10 04:35:31.113 下午,100739.750058644
2023-03-10 04:35:31.212 下午,100740.15051808
2023-03-10 04:35:31.311 下午,100740.202190265
2023-03-10 04:35:31.411 下午,100740.39596096
2023-03-10 04:35:31.510 下午,100739.930911293
2023-03-10 04:35:31.609 下午,100740.189272219
2023-03-10 04:35:31.709 下午,100740.292616589
2023-03-10 04:35:31.808 下午,100740.228026358
2023-03-10 04:35:31.907 下午,100740.111763941
2023-03-10 04:35:32.007 下午,100739.9050752
2023-03-10 04:35:32.106 下午,100739.762976691
2023-03-10 04:35:32.205 下午,100739.41418944
2023-03-10 04:35:32.305 下午,100740.047173709
2023-03-10 04:35:32.404 下午,100740.176354173
2023-03-10 04:35:32.503 下午,100740.176354173
2023-03-10 04:35:32.603 下午,100740.486387284
2023-03-10 04:35:32.702 下午,100739.853403015
2023-03-10 04:35:32.801 下午,100738.974975865
2023-03-10 04:35:32.901 下午,100738.43241792
2023-03-10 04:35:33.000 下午,100738.43241792
2023-03-10 04:35:33.099 下午,100738.548680337
2023-03-10 04:35:33.199 下午,100739.129992421
2023-03-10 04:35:33.298 下午,100739.272090931
2023-03-10 04:35:33.397 下午,100738.664942754
2023-03-10 04:35:33.496 下午,100738.871631495
2023-03-10 04:35:33.596 下午,100738.962057819
2023-03-10 04:35:33.695 下午,100739.349599208
2023-03-10 04:35:33.794 下午,100739.504615764
2023-03-10 04:35:33.894 下午,100739.117074375
2023-03-10 04:35:33.993 下午,100739.272090931
2023-03-10 04:35:34.092 下午,100739.543369903
2023-03-10 04:35:34.192 下午,100739.737140598
2023-03-10 04:35:34.291 下午,100740.228026358
2023-03-10 04:35:34.390 下午,100740.240944404
2023-03-10 04:35:34.490 下午,100739.41418944
2023-03-10 04:35:34.589 下午,100738.936221726
2023-03-10 04:35:34.688 下午,100738.768287124
2023-03-10 04:35:34.788 下午,100738.393663781
2023-03-10 04:35:34.887 下午,100737.993204345
2023-03-10 04:35:34.986 下午,100737.902778021
2023-03-10 04:35:35.086 下午,100736.95976064
2023-03-10 04:35:35.185 下午,100736.71431776
2023-03-10 04:35:35.284 下午,100737.411892261
2023-03-10 04:35:35.384 下午,100737.69608928
2023-03-10 04:35:35.483 下午,100738.303237457
2023-03-10 04:35:35.582 下午,100738.497008152
2023-03-10 04:35:35.682 下午,100737.915696067
2023-03-10 04:35:35.781 下午,100737.69608928
2023-03-10 04:35:35.880 下午,100737.954450206
2023-03-10 04:35:35.980 下午,100738.031958484
2023-03-10 04:35:36.079 下午,100738.794123217
2023-03-10 04:35:36.178 下午,100739.026648051
2023-03-10 04:35:36.278 下午,100738.548680337
2023-03-10 04:35:36.377 下午,100738.535762291
2023-03-10 04:35:36.476 下午,100738.057794577
2023-03-10 04:35:36.576 下午,100737.747761465
2023-03-10 04:35:36.675 下午,100737.902778021
2023-03-10 04:35:36.774 下午,100737.657335141
2023-03-10 04:35:36.874 下午,100737.812351697
2023-03-10 04:35:36.973 下午,100738.109466762
2023-03-10 04:35:37.072 下午,100737.34730203
2023-03-10 04:35:37.172 下午,100737.709007326
2023-03-10 04:35:37.271 下午,100737.20520352
2023-03-10 04:35:37.370 下午,100736.727235806
2023-03-10 04:35:37.470 下午,100737.321465937
2023-03-10 04:35:37.569 下午,100736.95976064
2023-03-10 04:35:37.668 下午,100737.218121566
2023-03-10 04:35:37.768 下午,100737.553990771
2023-03-10 04:35:37.867 下午,100737.721925373
2023-03-10 04:35:37.966 下午,100737.515236632
2023-03-10 04:35:38.066 下午,100737.321465937
2023-03-10 04:35:38.165 下午,100737.024350872
2023-03-10 04:35:38.264 下午,100736.95976064
2023-03-10 04:35:38.364 下午,100737.59274491
2023-03-10 04:35:38.463 下午,100737.127695242
2023-03-10 04:35:38.562 下午,100736.933924547
2023-03-10 04:35:38.662 下午,100736.443038787
2023-03-10 04:35:38.761 下午,100736.029661305
2023-03-10 04:35:38.860 下午,100736.71431776
2023-03-10 04:35:38.960 下午,100737.20520352
2023-03-10 04:35:39.059 下午,100737.760679512
2023-03-10 04:35:39.158 下午,100737.902778021
2023-03-10 04:35:39.258 下午,100737.851105836
2023-03-10 04:35:39.357 下午,100737.799433651
2023-03-10 04:35:39.456 下午,100737.954450206
2023-03-10 04:35:39.556 下午,100737.618581002
2023-03-10 04:35:39.655 下午,100737.954450206
2023-03-10 04:35:39.754 下午,100737.851105836
2023-03-10 04:35:39.854 下午,100737.411892261
2023-03-10 04:35:39.953 下午,100737.360220076
2023-03-10 04:35:40.052 下午,100737.153531335
2023-03-10 04:35:40.152 下午,100737.20520352
2023-03-10 04:35:40.251 下午,100737.360220076
2023-03-10 04:35:40.350 下午,100737.037268918
2023-03-10 04:35:40.450 下午,100736.817662131
2023-03-10 04:35:40.549 下午,100736.933924547
2023-03-10 04:35:40.648 下午,100736.791826038
2023-03-10 04:35:40.748 下午,100737.360220076
2023-03-10 04:35:40.847 下午,100736.933924547
2023-03-10 04:35:40.946 下午,100737.153531335
2023-03-10 04:35:41.046 下午,100736.972678686
2023-03-10 04:35:41.145 下午,100736.972678686
2023-03-10 04:35:41.244 下午,100736.972678686
2023-03-10 04:35:41.344 下午,100736.275104185
2023-03-10 04:35:41.443 下午,100736.210513954
2023-03-10 04:35:41.542 下午,100735.835890611
2023-03-10 04:35:41.642 下午,100735.590447731
2023-03-10 04:35:41.741 下午,100735.745464286
2023-03-10 04:35:41.840 下午,100735.900480842
2023-03-10 04:35:41.940 下午,100735.771300379
2023-03-10 04:35:42.039 下午,100735.642119916
2023-03-10 04:35:42.138 下午,100735.125398063
2023-03-10 04:35:42.238 下午,100734.879955183
2023-03-10 04:35:42.337 下午,100735.254578526
2023-03-10 04:35:42.436 下午,100735.887562796
2023-03-10 04:35:42.536 下午,100736.029661305
2023-03-10 04:35:42.635 下午,100735.667956009
2023-03-10 04:35:42.734 下午,100735.396677036
2023-03-10 04:35:42.834 下午,100735.512939453
2023-03-10 04:35:42.933 下午,100735.267496573
2023-03-10 04:35:43.032 下午,100735.370840943
2023-03-10 04:35:43.132 下午,100734.957463461
2023-03-10 04:35:43.231 下午,100734.272807006
2023-03-10 04:35:43.330 下午,100734.724938627
2023-03-10 04:35:43.430 下午,100735.060807832
2023-03-10 04:35:43.529 下午,100735.370840943
2023-03-10 04:35:43.628 下午,100735.848808657
2023-03-10 04:35:43.728 下午,100735.900480842
2023-03-10 04:35:43.827 下午,100735.590447731
2023-03-10 04:35:43.926 下午,100735.990907166
2023-03-10 04:35:44.026 下午,100735.939234981
2023-03-10 04:35:44.125 下午,100736.145923722
2023-03-10 04:35:44.224 下午,100736.533465112
2023-03-10 04:35:44.324 下午,100736.339694417
2023-03-10 04:35:44.423 下午,100736.572219251
2023-03-10 04:35:44.522 下午,100735.913398889
2023-03-10 04:35:44.622 下午,100736.003825213
2023-03-10 04:35:44.721 下午,100735.965071074
2023-03-10 04:35:44.820 下午,100735.861726703
2023-03-10 04:35:44.920 下午,100735.965071074
2023-03-10 04:35:45.019 下午,100735.306250712
2023-03-10 04:35:45.118 下午,100735.151234156
2023-03-10 04:35:45.218 下午,100734.89287323
2023-03-10 04:35:45.317 下午,100734.440741609
2023-03-10 04:35:45.416 下午,100735.112480017
2023-03-10 04:35:45.516 下午,100734.970381507
2023-03-10 04:35:45.615 下午,100734.828282998
2023-03-10 04:35:45.714 下午,100735.202906341
2023-03-10 04:35:45.814 下午,100734.867037137
2023-03-10 04:35:45.913 下午,100735.228742434
2023-03-10 04:35:46.012 下午,100735.151234156
2023-03-10 04:35:46.112 下午,100735.706710147
2023-03-10 04:35:46.211 下午,100736.107169583
2023-03-10 04:35:46.310 下午,100736.133005676
2023-03-10 04:35:46.410 下午,100736.158841769
2023-03-10 04:35:46.509 下午,100735.797136472
2023-03-10 04:35:46.608 下午,100735.396677036
2023-03-10 04:35:46.708 下午,100735.009135646
2023-03-10 04:35:46.807 下午,100734.737856674
2023-03-10 04:35:46.906 下午,100734.324479192
2023-03-10 04:35:47.006 下午,100733.962773895
2023-03-10 04:35:47.105 下午,100733.885265617
2023-03-10 04:35:47.204 下午,100733.66565883
2023-03-10 04:35:47.304 下午,100734.053200219
2023-03-10 04:35:47.403 下午,100734.040282173
2023-03-10 04:35:47.502 下午,100733.794839293
2023-03-10 04:35:47.602 下午,100734.64743035
2023-03-10 04:35:47.701 下午,100733.988609988
2023-03-10 04:35:47.800 下午,100733.756085154
2023-03-10 04:35:47.900 下午,100733.846511478
2023-03-10 04:35:47.999 下午,100732.877658004
2023-03-10 04:35:48.098 下午,100733.316871579
2023-03-10 04:35:48.198 下午,100733.071428699
2023-03-10 04:35:48.297 下午,100733.17477307
2023-03-10 04:35:48.396 下午,100733.859429524
2023-03-10 04:35:48.496 下午,100733.575232505
2023-03-10 04:35:48.595 下午,100733.885265617
2023-03-10 04:35:48.694 下午,100733.601068598
2023-03-10 04:35:48.794 下午,100733.071428699
2023-03-10 04:35:48.893 下午,100732.92933019
2023-03-10 04:35:48.992 下午,100732.43844443
2023-03-10 04:35:49.092 下午,100732.838903865
2023-03-10 04:35:49.191 下午,100732.774313634
2023-03-10 04:35:49.290 下午,100733.42021595
2023-03-10 04:35:49.390 下午,100734.01444608
2023-03-10 04:35:49.489 下午,100733.859429524
2023-03-10 04:35:49.588 下午,100733.885265617
2023-03-10 04:35:49.688 下午,100733.885265617
2023-03-10 04:35:49.787 下午,100733.859429524
2023-03-10 04:35:49.886 下午,100733.27811744
2023-03-10 04:35:49.986 下午,100733.329789625
2023-03-10 04:35:50.085 下午,100733.03267456
2023-03-10 04:35:50.184 下午,100733.058510653
2023-03-10 04:35:50.284 下午,100733.200609162
2023-03-10 04:35:50.383 下午,100733.123100884
2023-03-10 04:35:50.482 下午,100733.316871579
2023-03-10 04:35:50.582 下午,100733.006838468
2023-03-10 04:35:50.681 下午,100733.006838468
2023-03-10 04:35:50.780 下午,100732.696805356
2023-03-10 04:35:50.880 下午,100732.180083503
2023-03-10 04:35:50.979 下午,100731.999230855
2023-03-10 04:35:51.078 下午,100731.80546016
2023-03-10 04:35:51.178 下午,100732.037984994
2023-03-10 04:35:51.277 下午,100731.082049567
2023-03-10 04:35:51.376 下午,100730.875360825
2023-03-10 04:35:51.476 下午,100730.96578715
2023-03-10 04:35:51.575 下午,100730.294048741
2023-03-10 04:35:51.674 下午,100730.810770594
2023-03-10 04:35:51.774 下午,100731.353328539
2023-03-10 04:35:51.873 下午,100731.857132345
2023-03-10 04:35:51.972 下午,100732.774313634
2023-03-10 04:35:52.072 下午,100733.316871579
2023-03-10 04:35:52.171 下午,100733.006838468
2023-03-10 04:35:52.270 下午,100733.03267456
2023-03-10 04:35:52.370 下午,100733.123100884
2023-03-10 04:35:52.469 下午,100733.368543764
2023-03-10 04:35:52.568 下午,100733.820675385
2023-03-10 04:35:52.668 下午,100732.942248236
2023-03-10 04:35:52.767 下午,100732.645133171
2023-03-10 04:35:52.866 下午,100731.753787975
2023-03-10 04:35:52.966 下午,100731.379164632
2023-03-10 04:35:53.065 下午,100731.598771419
2023-03-10 04:35:53.164 下午,100731.70211579
2023-03-10 04:35:53.264 下午,100732.102575225
2023-03-10 04:35:53.363 下午,100732.399690291
2023-03-10 04:35:53.462 下午,100732.890576051
2023-03-10 04:35:53.562 下午,100732.335100059
2023-03-10 04:35:53.661 下午,100732.477198569
2023-03-10 04:35:53.760 下午,100732.645133171
2023-03-10 04:35:53.860 下午,100731.908804531
2023-03-10 04:35:53.959 下午,100731.598771419
2023-03-10 04:35:54.058 下午,100731.469590956
2023-03-10 04:35:54.158 下午,100731.030377381
2023-03-10 04:35:54.257 下午,100730.914114964
2023-03-10 04:35:54.356 下午,100731.56001728
2023-03-10 04:35:54.456 下午,100730.746180362
2023-03-10 04:35:54.555 下午,100730.733262316
2023-03-10 04:35:54.654 下午,100730.591163807
2023-03-10 04:35:54.754 下午,100730.371557019
2023-03-10 04:35:54.853 下午,100731.133721752
2023-03-10 04:35:54.952 下午,100730.888278872
2023-03-10 04:35:55.052 下午,100731.3145744
2023-03-10 04:35:55.151 下午,100731.262902215
2023-03-10 04:35:55.250 下午,100731.547099234
2023-03-10 04:35:55.350 下午,100731.94755867
2023-03-10 04:35:55.449 下午,100731.94755867
2023-03-10 04:35:55.548 下午,100732.063821087
2023-03-10 04:35:55.648 下午,100731.443754863
2023-03-10 04:35:55.747 下午,100731.417918771
2023-03-10 04:35:55.846 下午,100730.978705196
2023-03-10 04:35:55.946 下午,100731.056213474
2023-03-10 04:35:56.045 下午,100731.443754863
2023-03-10 04:35:56.144 下午,100730.22945851
2023-03-10 04:35:56.244 下午,100730.746180362
2023-03-10 04:35:56.343 下午,100730.642835992
2023-03-10 04:35:56.442 下午,100730.139032186
2023-03-10 04:35:56.542 下午,100730.939951057
2023-03-10 04:35:56.641 下午,100730.927033011
2023-03-10 04:35:56.740 下午,100731.056213474
2023-03-10 04:35:56.840 下午,100731.120803705
2023-03-10 04:35:56.939 下午,100730.746180362
2023-03-10 04:35:57.038 下午,100730.939951057
2023-03-10 04:35:57.138 下午,100730.862442779
2023-03-10 04:35:57.237 下午,100731.056213474
2023-03-10 04:35:57.336 下午,100731.366246585
2023-03-10 04:35:57.436 下午,100731.017459335
2023-03-10 04:35:57.535 下午,100730.642835992
2023-03-10 04:35:57.634 下午,100730.616999899
2023-03-10 04:35:57.734 下午,100730.733262316
2023-03-10 04:35:57.833 下午,100730.746180362
2023-03-10 04:35:57.932 下午,100730.772016455
2023-03-10 04:35:58.032 下午,100730.72034427
2023-03-10 04:35:58.131 下午,100730.57824576
2023-03-10 04:35:58.230 下午,100729.867753213
2023-03-10 04:35:58.330 下午,100730.113196093
2023-03-10 04:35:58.429 下午,100730.035687815
2023-03-10 04:35:58.528 下午,100730.681590131
2023-03-10 04:35:58.628 下午,100731.495427049
2023-03-10 04:35:58.727 下午,100731.70211579
2023-03-10 04:35:58.826 下午,100731.844214299
2023-03-10 04:35:58.926 下午,100731.172475891
2023-03-10 04:35:59.025 下午,100731.056213474
2023-03-10 04:35:59.124 下午,100731.133721752
2023-03-10 04:35:59.224 下午,100730.914114964
2023-03-10 04:35:59.323 下午,100730.306966788
2023-03-10 04:35:59.422 下午,100729.816081028
2023-03-10 04:35:59.522 下午,100729.454375731
2023-03-10 04:35:59.621 下午,100730.061523908
2023-03-10 04:35:59.720 下午,100730.72034427
2023-03-10 04:35:59.820 下午,100731.185393937
2023-03-10 04:35:59.919 下午,100731.353328539
2023-03-10 04:36:00.018 下午,100730.539491621
2023-03-10 04:36:00.118 下午,100730.746180362
2023-03-10 04:36:00.217 下午,100730.423229204
2023-03-10 04:36:00.316 下午,100729.699818611
2023-03-10 04:36:00.416 下午,100729.73857275
2023-03-10 04:36:00.515 下午,100729.208932851
2023-03-10 04:36:00.614 下午,100729.221850897
2023-03-10 04:36:00.714 下午,100729.506047916
2023-03-10 04:36:00.813 下午,100729.544802055
2023-03-10 04:36:00.912 下午,100729.312277221
2023-03-10 04:36:01.012 下午,100729.118506527
2023-03-10 04:36:01.111 下午,100729.221850897
2023-03-10 04:36:01.210 下午,100729.363949407
2023-03-10 04:36:01.310 下午,100729.170178712
2023-03-10 04:36:01.409 下午,100729.415621592
2023-03-10 04:36:01.508 下午,100728.769719276
2023-03-10 04:36:01.608 下午,100728.446768118
2023-03-10 04:36:01.707 下午,100728.640538813
2023-03-10 04:36:01.806 下午,100728.278833516
2023-03-10 04:36:01.906 下午,100728.227161331
2023-03-10 04:36:02.005 下午,100728.382177887
2023-03-10 04:36:02.104 下午,100728.730965137
2023-03-10 04:36:02.204 下午,100728.692210998
2023-03-10 04:36:02.303 下午,100728.666374906
2023-03-10 04:36:02.402 下午,100728.821391461
2023-03-10 04:36:02.502 下午,100728.395095933
2023-03-10 04:36:02.601 下午,100728.640538813
2023-03-10 04:36:02.700 下午,100729.118506527
2023-03-10 04:36:02.800 下午,100728.627620767
2023-03-10 04:36:02.899 下午,100729.208932851
2023-03-10 04:36:02.998 下午,100728.937653878
2023-03-10 04:36:03.098 下午,100728.8601456
2023-03-10 04:36:03.197 下午,100728.692210998
2023-03-10 04:36:03.296 下午,100728.059226729
2023-03-10 04:36:03.396 下午,100728.188407192
2023-03-10 04:36:03.495 下午,100728.252997423
2023-03-10 04:36:03.594 下午,100728.382177887
2023-03-10 04:36:03.694 下午,100728.524276396
2023-03-10 04:36:03.793 下午,100728.059226729
2023-03-10 04:36:03.892 下午,100727.891292127
2023-03-10 04:36:03.992 下午,100727.942964312
2023-03-10 04:36:04.091 下午,100727.891292127
2023-03-10 04:36:04.190 下午,100728.201325238
2023-03-10 04:36:04.290 下午,100728.252997423
2023-03-10 04:36:04.389 下午,100728.834309508
2023-03-10 04:36:04.488 下午,100728.627620767
2023-03-10 04:36:04.588 下午,100728.692210998
2023-03-10 04:36:04.687 下午,100728.692210998
2023-03-10 04:36:04.786 下午,100727.813783849
2023-03-10 04:36:04.886 下午,100728.110898914
2023-03-10 04:36:04.985 下午,100728.446768118
2023-03-10 04:36:05.084 下午,100728.446768118
2023-03-10 04:36:05.184 下午,100728.304669609
2023-03-10 04:36:05.283 下午,100728.085062821
2023-03-10 04:36:05.382 下午,100727.671685339
2023-03-10 04:36:05.482 下午,100727.749193617
2023-03-10 04:36:05.581 下午,100728.472604211
2023-03-10 04:36:05.680 下午,100728.472604211
2023-03-10 04:36:05.780 下午,100728.046308682
2023-03-10 04:36:05.879 下午,100727.594177061
2023-03-10 04:36:05.978 下午,100727.154963487
2023-03-10 04:36:06.078 下午,100726.79325819
2023-03-10 04:36:06.177 下午,100726.870766468
2023-03-10 04:36:06.276 下午,100726.664077727
2023-03-10 04:36:06.376 下午,100726.379880708
2023-03-10 04:36:06.475 下午,100726.638241634
2023-03-10 04:36:06.574 下午,100726.147355874
2023-03-10 04:36:06.674 下午,100726.586569449
2023-03-10 04:36:06.773 下午,100727.348734181
2023-03-10 04:36:06.872 下午,100727.309980042
2023-03-10 04:36:06.972 下午,100728.085062821
2023-03-10 04:36:07.071 下午,100727.426242459
2023-03-10 04:36:07.170 下午,100726.79325819
2023-03-10 04:36:07.270 下午,100726.664077727
2023-03-10 04:36:07.369 下午,100726.250700245
2023-03-10 04:36:07.468 下午,100726.767422097
2023-03-10 04:36:07.568 下午,100727.064537162
2023-03-10 04:36:07.667 下午,100727.077455209
2023-03-10 04:36:07.766 下午,100726.987028885
2023-03-10 04:36:07.866 下午,100726.935356699
2023-03-10 04:36:07.965 下午,100726.534897263
2023-03-10 04:36:08.064 下午,100727.206635672
2023-03-10 04:36:08.164 下午,100728.136735007
2023-03-10 04:36:08.263 下午,100728.110898914
2023-03-10 04:36:08.362 下午,100728.485522257
2023-03-10 04:36:08.462 下午,100727.904210173
2023-03-10 04:36:08.561 下午,100727.348734181
2023-03-10 04:36:08.660 下午,100727.568340969
2023-03-10 04:36:08.760 下午,100727.167881533
2023-03-10 04:36:08.859 下午,100727.271225903
2023-03-10 04:36:08.958 下午,100727.852537988
2023-03-10 04:36:09.058 下午,100727.813783849
2023-03-10 04:36:09.157 下午,100728.304669609
2023-03-10 04:36:09.256 下午,100727.904210173
2023-03-10 04:36:09.356 下午,100727.542504876
2023-03-10 04:36:09.455 下午,100726.638241634
2023-03-10 04:36:09.554 下午,100726.341126569
2023-03-10 04:36:09.654 下午,100727.064537162
2023-03-10 04:36:09.753 下午,100726.79325819
2023-03-10 04:36:09.852 下午,100727.413324413
2023-03-10 04:36:09.952 下午,100727.116209348
2023-03-10 04:36:10.051 下午,100726.638241634
2023-03-10 04:36:10.150 下午,100726.728667958
2023-03-10 04:36:10.250 下午,100726.341126569
2023-03-10 04:36:10.349 下午,100726.147355874
2023-03-10 04:36:10.448 下午,100725.850240809
2023-03-10 04:36:10.548 下午,100725.256010678
2023-03-10 04:36:10.647 下午,100726.237782198
2023-03-10 04:36:10.746 下午,100726.289454383
2023-03-10 04:36:10.846 下午,100726.276536337
2023-03-10 04:36:10.945 下午,100726.444470939
2023-03-10 04:36:11.044 下午,100725.708142299
2023-03-10 04:36:11.144 下午,100725.91483104
2023-03-10 04:36:11.243 下午,100725.591879882
2023-03-10 04:36:11.342 下午,100725.281846771
2023-03-10 04:36:11.442 下午,100725.230174586
2023-03-10 04:36:11.541 下午,100724.881387335
2023-03-10 04:36:11.640 下午,100725.165584354
2023-03-10 04:36:11.740 下午,100725.553125743
2023-03-10 04:36:11.839 下午,100725.656470114
2023-03-10 04:36:11.938 下午,100725.66938816
2023-03-10 04:36:12.038 下午,100725.759814485
2023-03-10 04:36:12.137 下午,100725.66938816
2023-03-10 04:36:12.236 下午,100725.307682863
2023-03-10 04:36:12.336 下午,100725.281846771
2023-03-10 04:36:12.435 下午,100725.307682863
2023-03-10 04:36:12.534 下午,100725.088076076
2023-03-10 04:36:12.634 下午,100725.398109188
2023-03-10 04:36:12.733 下午,100725.398109188
2023-03-10 04:36:12.832 下午,100725.152666308
2023-03-10 04:36:12.932 下午,100725.1785024
2023-03-10 04:36:13.031 下午,100724.713452733
2023-03-10 04:36:13.130 下午,100724.080468464
2023-03-10 04:36:13.230 下午,100724.209648927
2023-03-10 04:36:13.329 下午,100724.145058695
2023-03-10 04:36:13.428 下午,100724.157976741
2023-03-10 04:36:13.528 下午,100725.062239983
2023-03-10 04:36:13.627 下午,100725.152666308
2023-03-10 04:36:13.726 下午,100725.449781373
2023-03-10 04:36:13.826 下午,100725.721060346
2023-03-10 04:36:13.925 下午,100725.152666308
2023-03-10 04:36:14.024 下午,100725.411027234
2023-03-10 04:36:14.124 下午,100725.307682863
2023-03-10 04:36:14.223 下午,100725.514371605
2023-03-10 04:36:14.322 下午,100725.217256539
2023-03-10 04:36:14.422 下午,100724.713452733
2023-03-10 04:36:14.521 下午,100724.455091807
2023-03-10 04:36:14.620 下午,100724.19673088
2023-03-10 04:36:14.720 下午,100724.790961011
2023-03-10 04:36:14.819 下午,100723.951288
2023-03-10 04:36:14.918 下午,100724.429255714
2023-03-10 04:36:15.018 下午,100724.390501575
2023-03-10 04:36:15.117 下午,100724.287157205
2023-03-10 04:36:15.216 下午,100724.868469289
2023-03-10 04:36:15.316 下午,100724.868469289
2023-03-10 04:36:15.415 下午,100725.268928725
2023-03-10 04:36:15.514 下午,100725.088076076
2023-03-10 04:36:15.614 下午,100725.359355049
2023-03-10 04:36:15.713 下午,100725.333518956
2023-03-10 04:36:15.812 下午,100724.894305381
2023-03-10 04:36:15.912 下午,100724.532600085
2023-03-10 04:36:16.011 下午,100724.68761664
2023-03-10 04:36:16.110 下午,100724.209648927
2023-03-10 04:36:16.210 下午,100723.912533861
2023-03-10 04:36:16.309 下午,100724.33882939
2023-03-10 04:36:16.408 下午,100723.770435352
2023-03-10 04:36:16.508 下午,100723.860861676
2023-03-10 04:36:16.607 下午,100723.421648101
2023-03-10 04:36:16.706 下午,100723.137451082
2023-03-10 04:36:16.806 下午,100723.085778897
2023-03-10 04:36:16.905 下午,100723.11161499
2023-03-10 04:36:17.004 下午,100723.60250075
2023-03-10 04:36:17.104 下午,100724.287157205
2023-03-10 04:36:17.203 下午,100724.44217376
2023-03-10 04:36:17.302 下午,100724.300075251
2023-03-10 04:36:17.402 下午,100724.002960186
2023-03-10 04:36:17.501 下午,100723.253713499
2023-03-10 04:36:17.600 下午,100723.473320287
2023-03-10 04:36:17.700 下午,100723.395812009
2023-03-10 04:36:17.799 下午,100723.912533861
2023-03-10 04:36:17.898 下午,100723.744599259
2023-03-10 04:36:17.998 下午,100723.176205221
2023-03-10 04:36:18.097 下午,100724.132140649
2023-03-10 04:36:18.196 下午,100723.512074426
2023-03-10 04:36:18.296 下午,100724.015878232
2023-03-10 04:36:18.395 下午,100724.571354224
2023-03-10 04:36:18.494 下午,100723.46040224
2023-03-10 04:36:18.593 下午,100723.60250075
2023-03-10 04:36:18.693 下午,100723.563746611
2023-03-10 04:36:18.792 下午,100723.35705787
2023-03-10 04:36:18.891 下午,100723.524992472
2023-03-10 04:36:18.991 下午,100723.718763167
2023-03-10 04:36:19.090 下午,100723.60250075
2023-03-10 04:36:19.189 下午,100723.60250075
2023-03-10 04:36:19.289 下午,100723.576664657
2023-03-10 04:36:19.388 下午,100723.279549592
2023-03-10 04:36:19.487 下午,100723.615418796
2023-03-10 04:36:19.587 下午,100723.524992472
2023-03-10 04:36:19.686 下午,100723.35705787
2023-03-10 04:36:19.785 下午,100723.835025584
2023-03-10 04:36:19.885 下午,100723.421648101
2023-03-10 04:36:19.984 下午,100723.35705787
2023-03-10 04:36:20.083 下午,100722.956598434
2023-03-10 04:36:20.183 下午,100722.685319461
2023-03-10 04:36:20.282 下午,100722.788663832
2023-03-10 04:36:20.381 下午,100723.137451082
2023-03-10 04:36:20.481 下午,100723.421648101
2023-03-10 04:36:20.580 下午,100723.227877407
2023-03-10 04:36:20.679 下午,100722.569057045
2023-03-10 04:36:20.779 下午,100721.793974266
2023-03-10 04:36:20.878 下午,100721.897318636
2023-03-10 04:36:20.977 下午,100721.522695293
2023-03-10 04:36:21.077 下午,100721.819810358
2023-03-10 04:36:21.176 下午,100721.716465988
2023-03-10 04:36:21.275 下午,100721.626039664
2023-03-10 04:36:21.375 下午,100721.755220127
2023-03-10 04:36:21.474 下午,100721.690629895
2023-03-10 04:36:21.573 下午,100721.897318636
2023-03-10 04:36:21.673 下午,100722.259023933
2023-03-10 04:36:21.772 下午,100722.284860026
2023-03-10 04:36:21.871 下午,100722.104007377
2023-03-10 04:36:21.971 下午,100721.98774496
2023-03-10 04:36:22.070 下午,100721.018891487
2023-03-10 04:36:22.169 下午,100721.471023108
2023-03-10 04:36:22.269 下午,100721.74230208
2023-03-10 04:36:22.368 下午,100721.74230208
2023-03-10 04:36:22.467 下午,100722.194433701
2023-03-10 04:36:22.567 下午,100721.600203571
2023-03-10 04:36:22.666 下午,100721.445187015
2023-03-10 04:36:22.765 下午,100720.825120792
2023-03-10 04:36:22.865 下午,100720.631350097
2023-03-10 04:36:22.964 下午,100720.385907217
2023-03-10 04:36:23.063 下午,100720.540923773
2023-03-10 04:36:23.163 下午,100720.450497449
2023-03-10 04:36:23.262 下午,100720.489251588
2023-03-10 04:36:23.361 下午,100720.695940329
2023-03-10 04:36:23.461 下午,100721.031809533
2023-03-10 04:36:23.560 下午,100721.703547941
2023-03-10 04:36:23.659 下午,100721.367678737
2023-03-10 04:36:23.759 下午,100721.626039664
2023-03-10 04:36:23.858 下午,100720.889711024
2023-03-10 04:36:23.957 下午,100720.863874931
2023-03-10 04:36:24.057 下午,100721.212662181
2023-03-10 04:36:24.156 下午,100720.980137348
2023-03-10 04:36:24.255 下午,100721.225580228
2023-03-10 04:36:24.355 下午,100721.716465988
2023-03-10 04:36:24.454 下午,100721.4968592
2023-03-10 04:36:24.553 下午,100721.354760691
2023-03-10 04:36:24.653 下午,100721.186826089
2023-03-10 04:36:24.752 下午,100720.695940329
2023-03-10 04:36:24.851 下午,100720.889711024
2023-03-10 04:36:24.951 下午,100721.122235857
2023-03-10 04:36:25.050 下午,100721.316006552
2023-03-10 04:36:25.149 下午,100721.160989996
2023-03-10 04:36:25.249 下午,100721.419350923
2023-03-10 04:36:25.348 下午,100720.941383209
2023-03-10 04:36:25.447 下午,100720.192136523
2023-03-10 04:36:25.547 下午,100720.347153078
2023-03-10 04:36:25.646 下午,100719.623742485
2023-03-10 04:36:25.745 下午,100720.579677912
2023-03-10 04:36:25.845 下午,100721.406432876
2023-03-10 04:36:25.944 下午,100721.768138173
2023-03-10 04:36:26.043 下午,100722.155679563
2023-03-10 04:36:26.143 下午,100721.303088506
2023-03-10 04:36:26.242 下午,100721.173908043
2023-03-10 04:36:26.341 下午,100720.941383209
2023-03-10 04:36:26.441 下午,100720.528005727
2023-03-10 04:36:26.540 下午,100720.424661356
2023-03-10 04:36:26.639 下午,100720.037119967
2023-03-10 04:36:26.739 下午,100719.520398114
2023-03-10 04:36:26.838 下午,100720.308398939
2023-03-10 04:36:26.937 下午,100720.476333541
2023-03-10 04:36:27.037 下午,100720.618432051
2023-03-10 04:36:27.136 下午,100721.135153904
2023-03-10 04:36:27.235 下午,100720.282562847
2023-03-10 04:36:27.335 下午,100720.385907217
2023-03-10 04:36:27.434 下午,100720.747612514
2023-03-10 04:36:27.533 下午,100720.037119967
2023-03-10 04:36:27.633 下午,100720.088792152
2023-03-10 04:36:27.732 下午,100720.101710198
2023-03-10 04:36:27.831 下午,100719.933775596
2023-03-10 04:36:27.931 下午,100720.205054569
2023-03-10 04:36:28.030 下午,100720.863874931
2023-03-10 04:36:28.129 下午,100721.186826089
2023-03-10 04:36:28.229 下午,100720.980137348
2023-03-10 04:36:28.328 下午,100720.889711024
2023-03-10 04:36:28.427 下午,100720.579677912
2023-03-10 04:36:28.527 下午,100720.088792152
2023-03-10 04:36:28.626 下午,100719.791677087
2023-03-10 04:36:28.725 下午,100720.295480893
2023-03-10 04:36:28.825 下午,100720.127546291
2023-03-10 04:36:28.924 下午,100720.437579403
2023-03-10 04:36:29.023 下午,100720.734694468
2023-03-10 04:36:29.123 下午,100720.489251588
2023-03-10 04:36:29.222 下午,100721.160989996
2023-03-10 04:36:29.321 下午,100720.424661356
2023-03-10 04:36:29.421 下午,100720.631350097
2023-03-10 04:36:29.520 下午,100720.566759866
2023-03-10 04:36:29.619 下午,100719.520398114
2023-03-10 04:36:29.719 下午,100719.752922948
2023-03-10 04:36:29.818 下午,100719.365381558
2023-03-10 04:36:29.917 下午,100718.79698752
2023-03-10 04:36:30.017 下午,100719.494562022
2023-03-10 04:36:30.116 下午,100719.572070299
2023-03-10 04:36:30.215 下午,100719.804595133
2023-03-10 04:36:30.315 下午,100720.243808708
2023-03-10 04:36:30.414 下午,100719.843349272
2023-03-10 04:36:30.513 下午,100720.230890661
2023-03-10 04:36:30.613 下午,100719.610824438
2023-03-10 04:36:30.712 下午,100719.817513179
2023-03-10 04:36:30.811 下午,100719.765840994
2023-03-10 04:36:30.911 下午,100719.236201095
2023-03-10 04:36:31.010 下午,100719.662496624
2023-03-10 04:36:31.109 下午,100719.068266493
2023-03-10 04:36:31.209 下午,100719.752922948
2023-03-10 04:36:31.308 下午,100719.856267318
2023-03-10 04:36:31.407 下午,100720.127546291
2023-03-10 04:36:31.507 下午,100720.062956059
2023-03-10 04:36:31.606 下午,100719.262037188
2023-03-10 04:36:31.705 下午,100718.977840169
2023-03-10 04:36:31.805 下午,100718.93908603
2023-03-10 04:36:31.904 下午,100719.688332716
2023-03-10 04:36:32.003 下午,100719.946693643
2023-03-10 04:36:32.103 下午,100720.050038013
2023-03-10 04:36:32.202 下午,100719.714168809
2023-03-10 04:36:32.301 下午,100719.378299605
2023-03-10 04:36:32.401 下午,100719.18452891
2023-03-10 04:36:32.500 下午,100719.210365003
2023-03-10 04:36:32.599 下午,100719.016594308
2023-03-10 04:36:32.699 下午,100718.44820027
2023-03-10 04:36:32.798 下午,100718.616134872
2023-03-10 04:36:32.897 下午,100718.008986695
2023-03-10 04:36:32.997 下午,100717.944396464
2023-03-10 04:36:33.096 下午,100718.112331066
2023-03-10 04:36:33.195 下午,100717.815216
2023-03-10 04:36:33.295 下午,100718.964922123
2023-03-10 04:36:33.394 下午,100719.016594308
2023-03-10 04:36:33.493 下午,100719.274955234
2023-03-10 04:36:33.593 下午,100719.378299605
2023-03-10 04:36:33.692 下午,100718.499872455
2023-03-10 04:36:33.791 下午,100719.016594308
2023-03-10 04:36:33.891 下午,100718.590298779
2023-03-10 04:36:33.990 下午,100718.357773946
2023-03-10 04:36:34.089 下午,100718.667807057
2023-03-10 04:36:34.189 下午,100718.138167158
2023-03-10 04:36:34.288 下午,100717.996068649
2023-03-10 04:36:34.387 下午,100718.344855899
2023-03-10 04:36:34.487 下午,100718.099413019
2023-03-10 04:36:34.586 下午,100717.996068649
2023-03-10 04:36:34.685 下午,100717.996068649
2023-03-10 04:36:34.785 下午,100717.802297954
2023-03-10 04:36:34.884 下午,100717.698953584
2023-03-10 04:36:34.983 下午,100718.293183714
2023-03-10 04:36:35.083 下午,100718.913249937
2023-03-10 04:36:35.182 下午,100719.029512354
2023-03-10 04:36:35.281 下午,100718.977840169
2023-03-10 04:36:35.381 下午,100718.926167984
2023-03-10 04:36:35.480 下午,100718.641970965
2023-03-10 04:36:35.579 下午,100718.474036363
2023-03-10 04:36:35.679 下午,100718.176921297
2023-03-10 04:36:35.778 下午,100718.151085205
2023-03-10 04:36:35.877 下午,100718.293183714
2023-03-10 04:36:35.977 下午,100718.331937853
2023-03-10 04:36:36.076 下午,100719.352463512
2023-03-10 04:36:36.175 下午,100719.326627419
2023-03-10 04:36:36.275 下午,100719.546234207
2023-03-10 04:36:36.374 下午,100719.740004902
2023-03-10 04:36:36.473 下午,100719.016594308
2023-03-10 04:36:36.573 下午,100718.525708548
2023-03-10 04:36:36.672 下午,100717.737707723
2023-03-10 04:36:36.771 下午,100717.414756565
2023-03-10 04:36:36.871 下午,100717.608527259
2023-03-10 04:36:36.970 下午,100717.621445306
2023-03-10 04:36:37.069 下午,100717.569773121
2023-03-10 04:36:37.169 下午,100717.750625769
2023-03-10 04:36:37.268 下午,100717.401838518
2023-03-10 04:36:37.367 下午,100717.479346796
2023-03-10 04:36:37.467 下午,100717.866888186
2023-03-10 04:36:37.566 下午,100717.376002426
2023-03-10 04:36:37.665 下午,100717.065969314
2023-03-10 04:36:37.765 下午,100716.859280573
2023-03-10 04:36:37.864 下午,100716.626755739
2023-03-10 04:36:37.963 下午,100717.104723453
2023-03-10 04:36:38.063 下午,100717.453510704
2023-03-10 04:36:38.162 下午,100717.853970139
2023-03-10 04:36:38.261 下午,100717.815216
2023-03-10 04:36:38.361 下午,100717.608527259
2023-03-10 04:36:38.460 下午,100718.138167158
2023-03-10 04:36:38.559 下午,100717.621445306
2023-03-10 04:36:38.659 下午,100717.22098587
2023-03-10 04:36:38.758 下午,100717.065969314
2023-03-10 04:36:38.857 下午,100717.104723453
2023-03-10 04:36:38.957 下午,100717.078887361
2023-03-10 04:36:39.056 下午,100717.815216
2023-03-10 04:36:39.155 下午,100717.944396464
2023-03-10 04:36:39.255 下午,100717.46642875
2023-03-10 04:36:39.354 下午,100717.608527259
2023-03-10 04:36:39.453 下午,100717.233903916
2023-03-10 04:36:39.553 下午,100717.453510704
2023-03-10 04:36:39.652 下午,100717.104723453
2023-03-10 04:36:39.751 下午,100717.298494148
2023-03-10 04:36:39.851 下午,100717.182231731
2023-03-10 04:36:39.950 下午,100716.290886535
2023-03-10 04:36:40.049 下午,100716.407148952
2023-03-10 04:36:40.149 下午,100715.942099285
2023-03-10 04:36:40.248 下午,100716.342558721
2023-03-10 04:36:40.347 下午,100716.678427925
2023-03-10 04:36:40.447 下午,100716.432985045
2023-03-10 04:36:40.546 下午,100716.148788026
2023-03-10 04:36:40.645 下午,100716.110033887
2023-03-10 04:36:40.745 下午,100716.471739184
2023-03-10 04:36:40.844 下午,100716.859280573
2023-03-10 04:36:40.943 下午,100717.543937028
2023-03-10 04:36:41.043 下午,100716.678427925
2023-03-10 04:36:41.142 下午,100716.148788026
2023-03-10 04:36:41.241 下午,100716.381312859
2023-03-10 04:36:41.341 下午,100715.942099285
2023-03-10 04:36:41.440 下午,100716.252132396
2023-03-10 04:36:41.539 下午,100716.588001601
2023-03-10 04:36:41.639 下午,100716.549247462
2023-03-10 04:36:41.738 下午,100716.407148952
2023-03-10 04:36:41.837 下午,100717.182231731
2023-03-10 04:36:41.937 下午,100717.647281398
2023-03-10 04:36:42.036 下午,100716.923870805
2023-03-10 04:36:42.135 下午,100717.569773121
2023-03-10 04:36:42.235 下午,100716.626755739
2023-03-10 04:36:42.334 下午,100715.851672961
2023-03-10 04:36:42.433 下午,100716.394230906
2023-03-10 04:36:42.533 下午,100716.639673786
2023-03-10 04:36:42.632 下午,100717.117641499
2023-03-10 04:36:42.731 下午,100717.647281398
2023-03-10 04:36:42.831 下午,100717.479346796
2023-03-10 04:36:42.930 下午,100717.324330241
2023-03-10 04:36:43.029 下午,100716.859280573
2023-03-10 04:36:43.129 下午,100716.794690342
2023-03-10 04:36:43.228 下午,100717.156395638
2023-03-10 04:36:43.327 下午,100716.588001601
2023-03-10 04:36:43.427 下午,100716.329640674
2023-03-10 04:36:43.526 下午,100716.432985045
2023-03-10 04:36:43.625 下午,100716.226296304
2023-03-10 04:36:43.725 下午,100716.084197794
2023-03-10 04:36:43.824 下午,100716.161706072
2023-03-10 04:36:43.923 下午,100716.432985045
2023-03-10 04:36:44.023 下午,100716.523411369
2023-03-10 04:36:44.122 下午,100717.272658055
2023-03-10 04:36:44.221 下午,100717.918560371
2023-03-10 04:36:44.321 下午,100717.078887361
2023-03-10 04:36:44.420 下午,100716.381312859
2023-03-10 04:36:44.519 下午,100715.373705247
2023-03-10 04:36:44.619 下午,100715.089508228
2023-03-10 04:36:44.718 下午,100715.864591007
2023-03-10 04:36:44.817 下午,100716.303804582
2023-03-10 04:36:44.917 下午,100716.639673786
2023-03-10 04:36:45.016 下午,100717.078887361
2023-03-10 04:36:45.115 下午,100716.148788026
2023-03-10 04:36:45.215 下午,100715.942099285
2023-03-10 04:36:45.314 下午,100716.73010011
2023-03-10 04:36:45.413 下午,100716.277968489
2023-03-10 04:36:45.513 下午,100716.820526434
2023-03-10 04:36:45.612 下午,100717.014297129
2023-03-10 04:36:45.711 下午,100716.303804582
2023-03-10 04:36:45.811 下午,100716.045443655
2023-03-10 04:36:45.910 下午,100715.903345146
2023-03-10 04:36:46.009 下午,100715.916263192
2023-03-10 04:36:46.109 下午,100716.032525609
2023-03-10 04:36:46.208 下午,100716.006689516
2023-03-10 04:36:46.307 下午,100715.451213525
2023-03-10 04:36:46.407 下午,100715.179934552
2023-03-10 04:36:46.506 下午,100715.15409846
2023-03-10 04:36:46.605 下午,100715.283278923
2023-03-10 04:36:46.705 下午,100715.464131571
2023-03-10 04:36:46.804 下午,100715.063672135
2023-03-10 04:36:46.903 下午,100714.90865558
2023-03-10 04:36:47.003 下午,100714.546950283
2023-03-10 04:36:47.102 下午,100714.844065348
2023-03-10 04:36:47.201 下午,100714.689048792
2023-03-10 04:36:47.301 下午,100714.353179588
2023-03-10 04:36:47.400 下午,100714.495278097
2023-03-10 04:36:47.499 下午,100714.159408893
2023-03-10 04:36:47.599 下午,100714.598622468
2023-03-10 04:36:47.698 下午,100714.534032236
2023-03-10 04:36:47.797 下午,100713.939802106
2023-03-10 04:36:47.897 下午,100713.746031411
2023-03-10 04:36:47.996 下午,100713.009702771
2023-03-10 04:36:48.095 下午,100712.402554594
2023-03-10 04:36:48.195 下午,100712.880522308
2023-03-10 04:36:48.294 下午,100712.480062872
2023-03-10 04:36:48.393 下午,100713.371408068
2023-03-10 04:36:48.493 下午,100713.616850948
2023-03-10 04:36:48.592 下午,100713.707277272
2023-03-10 04:36:48.691 下午,100714.404851773
2023-03-10 04:36:48.791 下午,100714.146490847
2023-03-10 04:36:48.890 下午,100714.236917171
2023-03-10 04:36:48.989 下午,100713.901047967
2023-03-10 04:36:49.089 下午,100713.991474291
2023-03-10 04:36:49.188 下午,100713.668523133
2023-03-10 04:36:49.287 下午,100713.707277272
2023-03-10 04:36:49.387 下午,100714.288589356
2023-03-10 04:36:49.486 下午,100714.391933727
2023-03-10 04:36:49.585 下午,100714.934491672
2023-03-10 04:36:49.685 下午,100715.787082729
2023-03-10 04:36:49.784 下午,100715.205770645
2023-03-10 04:36:49.883 下午,100714.340261542
2023-03-10 04:36:49.983 下午,100713.901047967
2023-03-10 04:36:50.082 下午,100713.268063697
2023-03-10 04:36:50.181 下午,100713.552260716
2023-03-10 04:36:50.281 下午,100713.939802106
2023-03-10 04:36:50.380 下午,100713.888129921
2023-03-10 04:36:50.479 下午,100713.913966013
2023-03-10 04:36:50.579 下午,100713.642687041
2023-03-10 04:36:50.678 下午,100713.410162207
2023-03-10 04:36:50.777 下午,100713.164719327
2023-03-10 04:36:50.877 下午,100712.790095984
2023-03-10 04:36:50.976 下午,100713.061374956
2023-03-10 04:36:51.075 下午,100713.061374956
2023-03-10 04:36:51.175 下午,100713.448916346
2023-03-10 04:36:51.274 下午,100713.280981744
2023-03-10 04:36:51.373 下午,100713.177637373
2023-03-10 04:36:51.473 下午,100713.423080253
2023-03-10 04:36:51.572 下午,100713.758949457
2023-03-10 04:36:51.671 下午,100714.650294653
2023-03-10 04:36:51.771 下午,100715.722492497
2023-03-10 04:36:51.870 下午,100715.838754914
2023-03-10 04:36:51.969 下午,100715.838754914
2023-03-10 04:36:52.069 下午,100715.916263192
2023-03-10 04:36:52.168 下午,100714.960327765
2023-03-10 04:36:52.267 下午,100714.792393163
2023-03-10 04:36:52.367 下午,100713.771867504
2023-03-10 04:36:52.466 下午,100712.815932076
2023-03-10 04:36:52.565 下午,100712.325046316
2023-03-10 04:36:52.665 下午,100712.286292177
2023-03-10 04:36:52.764 下午,100712.45422678
2023-03-10 04:36:52.863 下午,100712.725505752
2023-03-10 04:36:52.963 下午,100712.635079428
2023-03-10 04:36:53.062 下午,100712.234619992
2023-03-10 04:36:53.161 下午,100712.157111714
2023-03-10 04:36:53.261 下午,100711.562881584
2023-03-10 04:36:53.360 下午,100711.653307908
2023-03-10 04:36:53.459 下午,100711.407865028
2023-03-10 04:36:53.559 下午,100711.524127445
2023-03-10 04:36:53.658 下午,100711.653307908
2023-03-10 04:36:53.757 下午,100711.692062047
2023-03-10 04:36:53.857 下午,100711.950422973
2023-03-10 04:36:53.956 下午,100712.015013205
2023-03-10 04:36:54.055 下午,100712.040849297
2023-03-10 04:36:54.155 下午,100711.989177112
2023-03-10 04:36:54.254 下午,100711.898750788
2023-03-10 04:36:54.353 下午,100712.441308733
2023-03-10 04:36:54.453 下午,100712.970948632
2023-03-10 04:36:54.552 下午,100713.578096809
2023-03-10 04:36:54.651 下午,100713.901047967
2023-03-10 04:36:54.751 下午,100713.332653929
2023-03-10 04:36:54.850 下午,100712.880522308
2023-03-10 04:36:54.949 下午,100712.480062872
2023-03-10 04:36:55.049 下午,100712.040849297
2023-03-10 04:36:55.148 下午,100711.898750788
2023-03-10 04:36:55.247 下午,100711.743734232
2023-03-10 04:36:55.347 下午,100711.382028935
2023-03-10 04:36:55.446 下午,100711.007405592
2023-03-10 04:36:55.545 下午,100710.813634897
2023-03-10 04:36:55.645 下午,100711.317438704
2023-03-10 04:36:55.744 下午,100711.47245526
2023-03-10 04:36:55.843 下午,100712.079603436
2023-03-10 04:36:55.943 下午,100712.234619992
2023-03-10 04:36:56.042 下午,100711.252848472
2023-03-10 04:36:56.141 下午,100710.968651453
2023-03-10 04:36:56.241 下午,100711.96334102
2023-03-10 04:36:56.340 下午,100712.299210224
2023-03-10 04:36:56.439 下午,100712.777177937
2023-03-10 04:36:56.539 下午,100712.777177937
2023-03-10 04:36:56.638 下午,100711.640389862
2023-03-10 04:36:56.737 下午,100711.007405592
2023-03-10 04:36:56.837 下午,100711.110749963
2023-03-10 04:36:56.936 下午,100710.73612662
2023-03-10 04:36:57.035 下午,100710.529437879
2023-03-10 04:36:57.135 下午,100710.749044666
2023-03-10 04:36:57.234 下午,100710.619864203
2023-03-10 04:36:57.333 下午,100711.446619167
2023-03-10 04:36:57.433 下午,100711.369110889
2023-03-10 04:36:57.532 下午,100711.252848472
2023-03-10 04:36:57.631 下午,100711.123668009
2023-03-10 04:36:57.731 下午,100710.426093508
2023-03-10 04:36:57.830 下午,100711.071995824
2023-03-10 04:36:57.929 下午,100711.382028935
2023-03-10 04:36:58.029 下午,100711.614553769
2023-03-10 04:36:58.128 下午,100711.937504927
2023-03-10 04:36:58.227 下午,100711.175340194
2023-03-10 04:36:58.327 下午,100710.865307083
2023-03-10 04:36:58.426 下午,100711.071995824
2023-03-10 04:36:58.525 下午,100711.704980093
2023-03-10 04:36:58.625 下午,100712.673833567
2023-03-10 04:36:58.724 下午,100712.828850123
2023-03-10 04:36:58.823 下午,100712.325046316
2023-03-10 04:36:58.923 下午,100711.640389862
2023-03-10 04:36:59.022 下午,100711.123668009
2023-03-10 04:36:59.121 下午,100711.020323639
2023-03-10 04:36:59.221 下午,100710.774880759
2023-03-10 04:36:59.320 下午,100710.49068374
2023-03-10 04:36:59.419 下午,100710.090224304
2023-03-10 04:36:59.519 下午,100710.128978443
2023-03-10 04:36:59.618 下午,100710.296913045
2023-03-10 04:36:59.717 下午,100710.568192017
2023-03-10 04:36:59.817 下午,100710.59402811
2023-03-10 04:36:59.916 下午,100710.9815695
2023-03-10 04:37:00.015 下午,100710.929897314
2023-03-10 04:37:00.115 下午,100710.929897314
2023-03-10 04:37:00.214 下午,100710.929897314
2023-03-10 04:37:00.313 下午,100710.387339369
2023-03-10 04:37:00.413 下午,100711.614553769
2023-03-10 04:37:00.512 下午,100711.704980093
2023-03-10 04:37:00.611 下午,100711.96334102
2023-03-10 04:37:00.711 下午,100712.299210224
2023-03-10 04:37:00.810 下午,100711.201176287
2023-03-10 04:37:00.909 下午,100710.645700295
2023-03-10 04:37:01.009 下午,100710.232322813
2023-03-10 04:37:01.108 下午,100709.767273146
2023-03-10 04:37:01.207 下午,100710.193568674
2023-03-10 04:37:01.307 下午,100710.206486721
2023-03-10 04:37:01.406 下午,100710.451929601
2023-03-10 04:37:01.505 下午,100710.645700295
2023-03-10 04:37:01.605 下午,100709.935207748
2023-03-10 04:37:01.704 下午,100711.420783074
2023-03-10 04:37:01.803 下午,100711.950422973
2023-03-10 04:37:01.903 下午,100711.885832742
2023-03-10 04:37:02.002 下午,100712.247538039
2023-03-10 04:37:02.101 下午,100711.175340194
2023-03-10 04:37:02.201 下午,100710.090224304
2023-03-10 04:37:02.300 下午,100710.24524086
2023-03-10 04:37:02.399 下午,100710.374421323
2023-03-10 04:37:02.499 下午,100710.374421323
2023-03-10 04:37:02.598 下午,100710.24524086
2023-03-10 04:37:02.697 下午,100710.154814535
2023-03-10 04:37:02.797 下午,100710.34858523
2023-03-10 04:37:02.896 下午,100710.051470165
2023-03-10 04:37:02.995 下午,100710.929897314
2023-03-10 04:37:03.095 下午,100710.684454434
2023-03-10 04:37:03.194 下午,100710.878225129
2023-03-10 04:37:03.293 下午,100712.260456085
2023-03-10 04:37:03.393 下午,100712.932194493
2023-03-10 04:37:03.492 下午,100713.565178763
2023-03-10 04:37:03.591 下午,100712.867604262
2023-03-10 04:37:03.690 下午,100711.356192843
2023-03-10 04:37:03.790 下午,100710.774880759
2023-03-10 04:37:03.889 下午,100709.844781424
2023-03-10 04:37:03.988 下午,100709.99979798
2023-03-10 04:37:04.088 下午,100710.723208573
2023-03-10 04:37:04.187 下午,100711.08491387
2023-03-10 04:37:04.286 下午,100711.420783074
2023-03-10 04:37:04.386 下午,100711.614553769
2023-03-10 04:37:04.485 下午,100711.136586055
2023-03-10 04:37:04.584 下午,100709.547666359
2023-03-10 04:37:04.684 下午,100709.328059571
2023-03-10 04:37:04.783 下午,100708.591730931
2023-03-10 04:37:04.882 下午,100708.695075302
2023-03-10 04:37:04.982 下午,100709.030944506
2023-03-10 04:37:05.081 下午,100709.793109239
2023-03-10 04:37:05.180 下午,100711.369110889
2023-03-10 04:37:05.280 下午,100710.826552944
2023-03-10 04:37:05.379 下午,100711.22701238
2023-03-10 04:37:05.478 下午,100710.296913045
2023-03-10 04:37:05.578 下午,100709.12137083
2023-03-10 04:37:05.677 下午,100708.695075302
2023-03-10 04:37:05.776 下午,100708.436714375
2023-03-10 04:37:05.876 下午,100709.185961062
2023-03-10 04:37:05.975 下午,100709.560584405
2023-03-10 04:37:06.074 下午,100711.369110889
2023-03-10 04:37:06.174 下午,100712.583407243
2023-03-10 04:37:06.273 下午,100712.441308733
2023-03-10 04:37:06.372 下午,100712.480062872
2023-03-10 04:37:06.472 下午,100712.002095159
2023-03-10 04:37:06.571 下午,100711.847078603
2023-03-10 04:37:06.670 下午,100712.880522308
2023-03-10 04:37:06.770 下午,100713.616850948
2023-03-10 04:37:06.869 下午,100713.216391512
2023-03-10 04:37:06.968 下午,100713.319735883
2023-03-10 04:37:07.068 下午,100712.725505752
2023-03-10 04:37:07.167 下午,100711.407865028
2023-03-10 04:37:07.266 下午,100711.640389862
2023-03-10 04:37:07.366 下午,100711.808324464
2023-03-10 04:37:07.465 下午,100711.704980093
2023-03-10 04:37:07.564 下午,100712.040849297
2023-03-10 04:37:07.664 下午,100711.369110889
2023-03-10 04:37:07.763 下午,100711.020323639
2023-03-10 04:37:07.862 下午,100710.568192017
2023-03-10 04:37:07.962 下午,100710.206486721
2023-03-10 04:37:08.061 下午,100711.08491387
2023-03-10 04:37:08.160 下午,100710.671536388
2023-03-10 04:37:08.260 下午,100710.749044666
2023-03-10 04:37:08.359 下午,100711.201176287
2023-03-10 04:37:08.458 下午,100711.317438704
2023-03-10 04:37:08.558 下午,100711.356192843
2023-03-10 04:37:08.657 下午,100711.950422973
2023-03-10 04:37:08.756 下午,100712.880522308
2023-03-10 04:37:08.856 下午,100711.859996649
2023-03-10 04:37:08.955 下午,100711.201176287
2023-03-10 04:37:09.054 下午,100711.123668009
2023-03-10 04:37:09.154 下午,100710.387339369
2023-03-10 04:37:09.253 下午,100711.110749963
2023-03-10 04:37:09.352 下午,100711.82124251
2023-03-10 04:37:09.452 下午,100711.704980093
2023-03-10 04:37:09.551 下午,100710.9815695
2023-03-10 04:37:09.650 下午,100709.689764868
2023-03-10 04:37:09.750 下午,100710.141896489
2023-03-10 04:37:09.849 下午,100709.935207748
2023-03-10 04:37:09.948 下午,100709.521830266
2023-03-10 04:37:10.048 下午,100711.123668009
2023-03-10 04:37:10.147 下午,100710.387339369
2023-03-10 04:37:10.246 下午,100710.568192017
2023-03-10 04:37:10.346 下午,100711.911668834
2023-03-10 04:37:10.445 下午,100711.653307908
2023-03-10 04:37:10.544 下午,100712.234619992
2023-03-10 04:37:10.644 下午,100712.544653104
2023-03-10 04:37:10.743 下午,100711.911668834
2023-03-10 04:37:10.842 下午,100711.859996649
2023-03-10 04:37:10.942 下午,100712.002095159
2023-03-10 04:37:11.041 下午,100711.82124251
2023-03-10 04:37:11.140 下午,100713.138883234
2023-03-10 04:37:11.240 下午,100713.164719327
2023-03-10 04:37:11.339 下午,100712.69966966
2023-03-10 04:37:11.438 下午,100712.815932076
2023-03-10 04:37:11.538 下午,100711.549963537
2023-03-10 04:37:11.637 下午,100710.878225129
2023-03-10 04:37:11.736 下午,100710.813634897
2023-03-10 04:37:11.836 下午,100710.400257415
2023-03-10 04:37:11.935 下午,100711.071995824
2023-03-10 04:37:12.034 下午,100711.989177112
2023-03-10 04:37:12.134 下午,100711.82124251
2023-03-10 04:37:12.233 下午,100711.601635723
2023-03-10 04:37:12.332 下午,100709.870617516
2023-03-10 04:37:12.432 下午,100709.134288876
2023-03-10 04:37:12.531 下午,100708.785501626
2023-03-10 04:37:12.630 下午,100709.26346934
2023-03-10 04:37:12.730 下午,100710.684454434
2023-03-10 04:37:12.829 下午,100711.265766519
2023-03-10 04:37:12.928 下午,100711.420783074
2023-03-10 04:37:13.028 下午,100711.033241685
2023-03-10 04:37:13.127 下午,100710.787798805
2023-03-10 04:37:13.226 下午,100710.9815695
2023-03-10 04:37:13.326 下午,100710.619864203
2023-03-10 04:37:13.425 下午,100709.625174636
2023-03-10 04:37:13.524 下午,100709.315141525
2023-03-10 04:37:13.624 下午,100707.803730106
2023-03-10 04:37:13.723 下午,100707.622877458
2023-03-10 04:37:13.822 下午,100708.03625494
2023-03-10 04:37:13.922 下午,100708.38504219
2023-03-10 04:37:14.021 下午,100709.689764868
2023-03-10 04:37:14.120 下午,100710.697372481
2023-03-10 04:37:14.220 下午,100710.916979268
2023-03-10 04:37:14.319 下午,100711.369110889
2023-03-10 04:37:14.418 下午,100710.9815695
2023-03-10 04:37:14.518 下午,100709.379731756
2023-03-10 04:37:14.617 下午,100708.966354274
2023-03-10 04:37:14.716 下午,100708.346288051
2023-03-10 04:37:14.816 下午,100708.733829441
2023-03-10 04:37:14.915 下午,100709.056780599
2023-03-10 04:37:15.014 下午,100708.591730931
2023-03-10 04:37:15.114 下午,100707.907074477
2023-03-10 04:37:15.213 下午,100707.842484245
2023-03-10 04:37:15.312 下午,100709.069698645
2023-03-10 04:37:15.412 下午,100710.400257415
2023-03-10 04:37:15.511 下午,100710.891143175
2023-03-10 04:37:15.610 下午,100710.542355925
2023-03-10 04:37:15.710 下午,100710.193568674
2023-03-10 04:37:15.809 下午,100710.258158906
2023-03-10 04:37:15.908 下午,100710.749044666
2023-03-10 04:37:16.008 下午,100710.774880759
2023-03-10 04:37:16.107 下午,100711.020323639
2023-03-10 04:37:16.206 下午,100710.439011554
2023-03-10 04:37:16.306 下午,100709.818945331
2023-03-10 04:37:16.405 下午,100709.069698645
2023-03-10 04:37:16.504 下午,100708.888845996
2023-03-10 04:37:16.604 下午,100709.302223479
2023-03-10 04:37:16.703 下午,100709.405567849
2023-03-10 04:37:16.802 下午,100709.689764868
2023-03-10 04:37:16.902 下午,100708.87592795
2023-03-10 04:37:17.001 下午,100707.429106763
2023-03-10 04:37:17.100 下午,100707.919992523
2023-03-10 04:37:17.200 下午,100708.13959931
2023-03-10 04:37:17.299 下午,100707.713303782
2023-03-10 04:37:17.398 下午,100709.315141525
2023-03-10 04:37:17.498 下午,100709.36681371
2023-03-10 04:37:17.597 下午,100709.896453609
2023-03-10 04:37:17.696 下午,100710.968651453
2023-03-10 04:37:17.796 下午,100710.374421323
2023-03-10 04:37:17.895 下午,100710.309831091
2023-03-10 04:37:17.994 下午,100709.986879933
2023-03-10 04:37:18.094 下午,100709.405567849
2023-03-10 04:37:18.193 下午,100709.521830266
2023-03-10 04:37:18.292 下午,100709.082616691
2023-03-10 04:37:18.392 下午,100709.315141525
2023-03-10 04:37:18.491 下午,100709.702682914
2023-03-10 04:37:18.590 下午,100709.986879933
2023-03-10 04:37:18.690 下午,100709.715600961
2023-03-10 04:37:18.789 下午,100709.625174636
2023-03-10 04:37:18.888 下午,100709.689764868
2023-03-10 04:37:18.988 下午,100709.12137083
2023-03-10 04:37:19.087 下午,100710.064388211
2023-03-10 04:37:19.186 下午,100709.85769947
2023-03-10 04:37:19.286 下午,100709.99979798
2023-03-10 04:37:19.385 下午,100709.99979798
2023-03-10 04:37:19.484 下午,100709.353895664
2023-03-10 04:37:19.584 下午,100708.940518182
2023-03-10 04:37:19.683 下午,100708.372124144
2023-03-10 04:37:19.782 下午,100708.230025634
2023-03-10 04:37:19.882 下午,100708.178353449
2023-03-10 04:37:19.981 下午,100707.997500801
2023-03-10 04:37:20.080 下午,100708.152517357
2023-03-10 04:37:20.180 下午,100708.191271495
2023-03-10 04:37:20.279 下午,100707.919992523
2023-03-10 04:37:20.378 下午,100708.552976792
2023-03-10 04:37:20.478 下午,100709.379731756
2023-03-10 04:37:20.577 下午,100709.211797154
2023-03-10 04:37:20.676 下午,100709.36681371
2023-03-10 04:37:20.776 下午,100709.160124969
2023-03-10 04:37:20.875 下午,100708.152517357
2023-03-10 04:37:20.974 下午,100708.294615866
2023-03-10 04:37:21.074 下午,100708.307533912
2023-03-10 04:37:21.173 下午,100708.152517357
2023-03-10 04:37:21.272 下午,100708.720911394
2023-03-10 04:37:21.372 下午,100709.108452784
2023-03-10 04:37:21.471 下午,100709.353895664
2023-03-10 04:37:21.570 下午,100709.935207748
2023-03-10 04:37:21.670 下午,100709.50891222
2023-03-10 04:37:21.769 下午,100709.521830266
2023-03-10 04:37:21.868 下午,100709.741437053
2023-03-10 04:37:21.968 下午,100709.418485895
2023-03-10 04:37:22.067 下午,100709.663928775
2023-03-10 04:37:22.166 下午,100709.26346934
2023-03-10 04:37:22.266 下午,100708.746747487
2023-03-10 04:37:22.365 下午,100709.315141525
2023-03-10 04:37:22.464 下午,100709.61225659
2023-03-10 04:37:22.564 下午,100709.625174636
2023-03-10 04:37:22.663 下午,100709.26346934
2023-03-10 04:37:22.762 下午,100709.276387386
2023-03-10 04:37:22.862 下午,100708.695075302
2023-03-10 04:37:22.961 下午,100708.77258358
2023-03-10 04:37:23.060 下午,100709.457240034
2023-03-10 04:37:23.160 下午,100708.191271495
2023-03-10 04:37:23.259 下午,100707.984582754
2023-03-10 04:37:23.358 下午,100707.700385735
2023-03-10 04:37:23.458 下午,100706.91238491
2023-03-10 04:37:23.557 下午,100707.54536918
2023-03-10 04:37:23.656 下午,100707.868320338
2023-03-10 04:37:23.756 下午,100708.578812885
2023-03-10 04:37:23.855 下午,100709.431403942
2023-03-10 04:37:23.954 下午,100709.173043015
2023-03-10 04:37:24.054 下午,100708.863009904
2023-03-10 04:37:24.153 下午,100708.294615866
2023-03-10 04:37:24.252 下午,100707.803730106
2023-03-10 04:37:24.352 下午,100707.235336068
2023-03-10 04:37:24.451 下午,100707.119073651
2023-03-10 04:37:24.550 下午,100707.480778948
2023-03-10 04:37:24.650 下午,100707.519533087
2023-03-10 04:37:24.749 下午,100708.307533912
2023-03-10 04:37:24.848 下午,100708.423796329
2023-03-10 04:37:24.948 下午,100708.307533912
2023-03-10 04:37:25.047 下午,100707.868320338
2023-03-10 04:37:25.146 下午,100707.674549643
2023-03-10 04:37:25.246 下午,100708.010418847
2023-03-10 04:37:25.345 下午,100707.752057921
2023-03-10 04:37:25.444 下午,100708.294615866
2023-03-10 04:37:25.544 下午,100707.803730106
2023-03-10 04:37:25.643 下午,100707.325762392
2023-03-10 04:37:25.742 下午,100707.041565373
2023-03-10 04:37:25.842 下午,100706.576515706
2023-03-10 04:37:25.941 下午,100706.434417197
2023-03-10 04:37:26.040 下午,100706.42149915
2023-03-10 04:37:26.140 下午,100707.106155605
2023-03-10 04:37:26.239 下午,100706.783204447
2023-03-10 04:37:26.338 下午,100707.40327067
2023-03-10 04:37:26.438 下午,100707.739139874
2023-03-10 04:37:26.537 下午,100707.15782779
2023-03-10 04:37:26.636 下午,100707.312844346
2023-03-10 04:37:26.736 下午,100706.537761567
2023-03-10 04:37:26.835 下午,100706.331072826
2023-03-10 04:37:26.934 下午,100705.891859251
2023-03-10 04:37:27.034 下午,100706.150220178
2023-03-10 04:37:27.133 下午,100706.111466039
2023-03-10 04:37:27.232 下午,100705.943531437
2023-03-10 04:37:27.332 下午,100705.672252464
2023-03-10 04:37:27.431 下午,100705.013432102
2023-03-10 04:37:27.530 下午,100705.323465213
2023-03-10 04:37:27.630 下午,100704.625890712
2023-03-10 04:37:27.729 下午,100705.065104287
2023-03-10 04:37:27.828 下午,100705.943531437
2023-03-10 04:37:27.928 下午,100705.814350973
2023-03-10 04:37:28.027 下午,100706.201892363
2023-03-10 04:37:28.126 下午,100706.098547992
2023-03-10 04:37:28.226 下午,100705.039268194
2023-03-10 04:37:28.325 下午,100705.788514881
2023-03-10 04:37:28.424 下午,100706.253564548
2023-03-10 04:37:28.524 下午,100706.227728455
2023-03-10 04:37:28.623 下午,100706.537761567
2023-03-10 04:37:28.722 下午,100705.659334418
2023-03-10 04:37:28.822 下午,100705.801432927
2023-03-10 04:37:28.921 下午,100705.956449483
